0.0712 0.1451
0.0696 0.1846
0.0689 0.1886
0.0684 0.1969
0.0676 0.2066
0.0670 0.2187
0.0666 0.2230
0.0661 0.2373
0.0655 0.2393
0.0657 0.2413
0.0648 0.2472
0.0642 0.2683
0.0640 0.2669
0.0639 0.2672
0.0636 0.2722
0.0635 0.2625
0.0632 0.2760
0.0631 0.2729
0.0627 0.2812
0.0625 0.2841
0.0622 0.2870
0.0620 0.2930
0.0620 0.2886
0.0619 0.2886
0.0618 0.2930
0.0616 0.2942
0.0616 0.2920
0.0613 0.2949
0.0611 0.2992
0.0608 0.3016
0.0608 0.3052
0.0609 0.3089
0.0605 0.3085
0.0599 0.3144
0.0602 0.3109
0.0600 0.3146
0.0601 0.3140
0.0603 0.3030
0.0599 0.3176
0.0603 0.3126
0.0599 0.3153
0.0597 0.3175
0.0595 0.3216
0.0597 0.3156
0.0595 0.3215
0.0595 0.3262
0.0592 0.3277
0.0595 0.3156
0.0591 0.3245
0.0593 0.3280
0.0588 0.3282
0.0588 0.3227
0.0590 0.3282
0.0597 0.3233
0.0590 0.3253
0.0586 0.3351
0.0585 0.3343
0.0587 0.3360
0.0586 0.3322
0.0582 0.3314
0.0586 0.3325
0.0589 0.3211
0.0586 0.3298
0.0585 0.3328
0.0586 0.3278
0.0583 0.3311
0.0581 0.3358
0.0581 0.3365
0.0583 0.3353
0.0580 0.3465
0.0581 0.3375
0.0579 0.3383
0.0580 0.3369
0.0582 0.3394
0.0580 0.3340
0.0581 0.3374
0.0580 0.3367
0.0579 0.3413
0.0579 0.3369
0.0577 0.3422
0.0576 0.3405
0.0581 0.3226
0.0578 0.3403
0.0579 0.3386
0.0579 0.3385
0.0582 0.3332
0.0581 0.3343
0.0583 0.3319
0.0577 0.3386
0.0582 0.3331
0.0580 0.3360
0.0578 0.3290
0.0578 0.3341
0.0577 0.3418
0.0579 0.3365
0.0584 0.3252
0.0578 0.3375
0.0572 0.3465
0.0576 0.3443
0.0580 0.3333
0.0578 0.3360
0.0578 0.3414
0.0578 0.3369
0.0578 0.3361
0.0578 0.3364
0.0580 0.3283
0.0577 0.3398
0.0578 0.3313
0.0576 0.3396
0.0581 0.3354
0.0578 0.3399
0.0577 0.3400
0.0576 0.3403
0.0580 0.3359
0.0575 0.3419
0.0579 0.3345
0.0573 0.3390
0.0574 0.3448
0.0574 0.3437
0.0576 0.3391
0.0575 0.3410
0.0576 0.3333
0.0579 0.3363
0.0583 0.3343
0.0577 0.3438
0.0578 0.3334
0.0571 0.3469
0.0576 0.3363
0.0570 0.3452
0.0574 0.3437
0.0576 0.3383
0.0572 0.3430
0.0570 0.3472
0.0573 0.3423
0.0571 0.3451
0.0570 0.3436
0.0573 0.3451
0.0571 0.3482
0.0574 0.3440
0.0577 0.3361
0.0572 0.3457
0.0568 0.3523
0.0567 0.3513
0.0567 0.3516
0.0571 0.3492
0.0573 0.3436
0.0569 0.3489
0.0572 0.3447
0.0572 0.3434
0.0572 0.3448
0.0572 0.3444
0.0571 0.3487
0.0571 0.3491
0.0573 0.3440
0.0570 0.3478
0.0578 0.3413
0.0573 0.3444
0.0569 0.3460
0.0571 0.3455
0.0574 0.3407
0.0572 0.3425
0.0574 0.3449
0.0570 0.3468
0.0573 0.3365
0.0566 0.3529
0.0569 0.3465
0.0569 0.3489
0.0571 0.3382
0.0567 0.3489
0.0565 0.3573
0.0565 0.3527
0.0561 0.3570
0.0564 0.3545
0.0565 0.3466
0.0566 0.3513
0.0577 0.3390
0.0564 0.3526
0.0569 0.3457
0.0566 0.3512
0.0570 0.3415
0.0567 0.3522
0.0575 0.3350
0.0566 0.3492
0.0569 0.3502
0.0565 0.3525
0.0566 0.3513
0.0566 0.3497
0.0563 0.3524
0.0564 0.3530
0.0570 0.3407
0.0565 0.3498
0.0565 0.3559
0.0565 0.3490
0.0569 0.3460
0.0564 0.3518
0.0571 0.3477
0.0567 0.3496
0.0564 0.3532
0.0564 0.3543
0.0573 0.3466
0.0566 0.3534
0.0574 0.3437
0.0565 0.3530
0.0569 0.3438
0.0566 0.3469
0.0566 0.3513
0.0567 0.3470
0.0568 0.3457
0.0564 0.3501
0.0564 0.3485
0.0562 0.3551
0.0567 0.3575
0.0559 0.3570
0.0564 0.3553
0.0561 0.3566
0.0565 0.3492
0.0564 0.3517
0.0568 0.3460
0.0563 0.3514
0.0564 0.3497
0.0559 0.3585
0.0559 0.3524
0.0562 0.3527
0.0569 0.3427
0.0562 0.3534
0.0558 0.3585
0.0562 0.3531
0.0582 0.3285
0.0563 0.3514
0.0558 0.3557
0.0562 0.3535
0.0567 0.3504
0.0563 0.3534
0.0560 0.3620
0.0555 0.3624
0.0557 0.3577
0.0557 0.3626
0.0556 0.3629
0.0558 0.3600
0.0562 0.3508
0.0561 0.3571
0.0563 0.3640
0.0556 0.3632
0.0555 0.3654
0.0557 0.3596
0.0563 0.3580
0.0560 0.3620
0.0569 0.3505
0.0561 0.3598
0.0558 0.3626
0.0561 0.3567
0.0574 0.3475
0.0561 0.3591
0.0562 0.3567
0.0566 0.3520
0.0563 0.3516
0.0565 0.3510
0.0565 0.3480
0.0559 0.3638
0.0562 0.3639
0.0562 0.3575
0.0572 0.3406
0.0563 0.3550
0.0571 0.3413
0.0562 0.3561
0.0561 0.3603
0.0559 0.3585
0.0565 0.3494
0.0563 0.3554
0.0563 0.3519
0.0558 0.3652
0.0558 0.3624
0.0558 0.3612
0.0560 0.3631
0.0559 0.3595
0.0568 0.3503
0.0562 0.3564
0.0557 0.3652
0.0558 0.3584
0.0569 0.3464
0.0559 0.3598
0.0559 0.3589
0.0557 0.3625
0.0554 0.3705
0.0556 0.3627
0.0558 0.3638
0.0557 0.3600
0.0566 0.3468
0.0558 0.3574
0.0560 0.3569
0.0554 0.3622
0.0553 0.3667
0.0555 0.3636
0.0558 0.3566
0.0556 0.3620
0.0559 0.3615
0.0556 0.3640
0.0568 0.3533
0.0558 0.3620
0.0568 0.3438
0.0558 0.3596
0.0554 0.3663
0.0550 0.3722
0.0555 0.3615
0.0552 0.3680
0.0550 0.3720
0.0554 0.3684
0.0563 0.3518
0.0556 0.3632
0.0556 0.3590
0.0551 0.3673
0.0556 0.3598
0.0556 0.3600
0.0556 0.3588
0.0557 0.3579
0.0556 0.3610
0.0559 0.3593
0.0553 0.3678
0.0549 0.3720
0.0547 0.3729
0.0551 0.3700
0.0563 0.3569
0.0555 0.3645
0.0555 0.3717
0.0551 0.3714
0.0557 0.3665
0.0554 0.3662
0.0565 0.3495
0.0552 0.3673
0.0562 0.3563
0.0555 0.3625
0.0556 0.3637
0.0555 0.3636
0.0557 0.3648
0.0560 0.3565
0.0564 0.3549
0.0559 0.3592
0.0558 0.3609
0.0557 0.3604
0.0561 0.3577
0.0558 0.3591
0.0553 0.3678
0.0551 0.3712
0.0556 0.3671
0.0553 0.3650
0.0554 0.3750
0.0553 0.3665
0.0552 0.3768
0.0548 0.3721
0.0552 0.3732
0.0549 0.3722
0.0551 0.3705
0.0556 0.3598
0.0553 0.3603
0.0554 0.3662
0.0553 0.3710
0.0554 0.3684
0.0563 0.3549
0.0554 0.3655
0.0564 0.3572
0.0557 0.3594
0.0554 0.3607
0.0554 0.3656
0.0554 0.3638
0.0556 0.3595
0.0560 0.3572
0.0553 0.3653
0.0555 0.3594
0.0551 0.3666
0.0556 0.3586
0.0555 0.3655
0.0566 0.3519
0.0552 0.3668
0.0555 0.3532
0.0551 0.3684
0.0551 0.3732
0.0549 0.3732
0.0546 0.3741
0.0554 0.3665
0.0562 0.3500
0.0554 0.3639
0.0558 0.3629
0.0560 0.3574
0.0555 0.3627
0.0552 0.3675
0.0558 0.3621
0.0553 0.3691
0.0553 0.3676
0.0550 0.3690
0.0556 0.3624
0.0554 0.3645
0.0566 0.3460
0.0554 0.3611
0.0562 0.3513
0.0552 0.3650
0.0564 0.3464
0.0548 0.3704
0.0554 0.3643
0.0545 0.3765
0.0550 0.3744
