0.0720 0.1480
0.0692 0.1817
0.0686 0.1845
0.0686 0.1658
0.0674 0.1953
0.0671 0.2037
0.0668 0.2043
0.0665 0.2229
0.0661 0.2261
0.0658 0.2360
0.0656 0.2378
0.0651 0.2384
0.0651 0.2348
0.0641 0.2450
0.0644 0.2465
0.0639 0.2589
0.0639 0.2478
0.0638 0.2526
0.0636 0.2534
0.0638 0.2530
0.0632 0.2610
0.0630 0.2573
0.0627 0.2693
0.0628 0.2667
0.0626 0.2719
0.0629 0.2639
0.0629 0.2684
0.0624 0.2728
0.0622 0.2775
0.0623 0.2782
0.0617 0.2869
0.0617 0.2774
0.0616 0.2817
0.0619 0.2730
0.0617 0.2809
0.0619 0.2822
0.0613 0.2913
0.0609 0.3046
0.0615 0.2913
0.0615 0.2915
0.0613 0.2956
0.0612 0.2998
0.0610 0.2941
0.0608 0.2960
0.0609 0.2980
0.0610 0.2994
0.0609 0.3020
0.0607 0.3064
0.0613 0.2942
0.0609 0.2896
0.0607 0.3008
0.0611 0.2945
0.0606 0.3042
0.0606 0.3057
0.0606 0.3029
0.0602 0.3113
0.0606 0.3011
0.0607 0.3028
0.0605 0.3033
0.0602 0.3091
0.0601 0.3049
0.0611 0.2838
0.0599 0.3090
0.0601 0.3026
0.0599 0.3094
0.0600 0.3011
0.0597 0.3124
0.0596 0.3172
0.0597 0.3177
0.0598 0.3192
0.0595 0.3174
0.0599 0.3137
0.0595 0.3159
0.0596 0.3137
0.0593 0.3206
0.0597 0.3134
0.0592 0.3244
0.0595 0.3212
0.0596 0.3135
0.0596 0.3212
0.0594 0.3205
0.0598 0.3152
0.0594 0.3226
0.0595 0.3150
0.0594 0.3246
0.0593 0.3277
0.0593 0.3200
0.0597 0.3092
0.0591 0.3245
0.0593 0.3146
0.0591 0.3225
0.0591 0.3251
0.0590 0.3262
0.0601 0.3096
0.0588 0.3287
0.0599 0.3165
0.0591 0.3229
0.0596 0.3200
0.0591 0.3238
0.0594 0.3125
0.0589 0.3236
0.0598 0.3098
0.0589 0.3255
0.0588 0.3313
0.0585 0.3298
0.0588 0.3246
0.0586 0.3304
0.0592 0.3218
0.0587 0.3304
0.0586 0.3426
0.0586 0.3307
0.0595 0.3284
0.0588 0.3233
0.0584 0.3254
0.0584 0.3297
0.0587 0.3220
0.0582 0.3358
0.0594 0.3218
0.0586 0.3298
0.0582 0.3315
0.0581 0.3368
0.0588 0.3283
0.0584 0.3281
0.0585 0.3279
0.0583 0.3321
0.0592 0.3144
0.0578 0.3423
0.0587 0.3235
0.0583 0.3316
0.0583 0.3318
0.0582 0.3336
0.0582 0.3288
0.0584 0.3352
0.0582 0.3342
0.0581 0.3413
0.0583 0.3340
0.0580 0.3368
0.0579 0.3504
0.0580 0.3377
0.0586 0.3330
0.0582 0.3359
0.0584 0.3297
0.0578 0.3400
0.0583 0.3220
0.0578 0.3352
0.0585 0.3263
0.0578 0.3416
0.0589 0.3246
0.0579 0.3304
0.0582 0.3287
0.0578 0.3345
0.0579 0.3332
0.0576 0.3419
0.0576 0.3419
0.0574 0.3447
0.0579 0.3426
0.0577 0.3397
0.0577 0.3327
0.0577 0.3438
0.0577 0.3466
0.0577 0.3428
0.0583 0.3340
0.0578 0.3410
0.0580 0.3387
0.0575 0.3445
0.0579 0.3383
0.0574 0.3504
0.0579 0.3408
0.0575 0.3421
0.0589 0.3200
0.0575 0.3436
0.0578 0.3468
0.0574 0.3462
0.0576 0.3462
0.0573 0.3461
0.0570 0.3490
0.0574 0.3431
0.0575 0.3410
0.0572 0.3511
0.0570 0.3533
0.0570 0.3504
0.0579 0.3405
0.0570 0.3527
0.0571 0.3531
0.0571 0.3500
0.0577 0.3394
0.0569 0.3490
0.0574 0.3462
0.0570 0.3531
0.0572 0.3475
0.0571 0.3527
0.0574 0.3424
0.0570 0.3491
0.0571 0.3408
0.0568 0.3504
0.0576 0.3424
0.0572 0.3487
0.0571 0.3538
0.0568 0.3524
0.0572 0.3428
0.0575 0.3441
0.0586 0.3266
0.0572 0.3435
0.0569 0.3490
0.0569 0.3502
0.0570 0.3489
0.0569 0.3501
0.0575 0.3426
0.0566 0.3564
0.0574 0.3375
0.0569 0.3520
0.0572 0.3462
0.0570 0.3505
0.0578 0.3416
0.0568 0.3490
0.0572 0.3438
0.0569 0.3476
0.0575 0.3451
0.0567 0.3482
0.0571 0.3412
0.0566 0.3522
0.0571 0.3436
0.0570 0.3488
0.0569 0.3553
0.0564 0.3573
0.0569 0.3530
0.0566 0.3547
0.0567 0.3513
0.0567 0.3529
0.0575 0.3371
0.0567 0.3536
0.0565 0.3567
0.0564 0.3581
0.0571 0.3535
0.0566 0.3538
0.0570 0.3441
0.0564 0.3531
0.0570 0.3468
0.0564 0.3543
0.0572 0.3481
0.0566 0.3571
0.0569 0.3456
0.0567 0.3508
0.0574 0.3497
0.0568 0.3575
0.0574 0.3511
0.0569 0.3531
0.0575 0.3349
0.0568 0.3531
0.0576 0.3330
0.0569 0.3522
0.0573 0.3508
0.0567 0.3551
0.0567 0.3559
0.0563 0.3636
0.0574 0.3438
0.0563 0.3637
0.0566 0.3579
0.0566 0.3608
0.0574 0.3437
0.0564 0.3582
0.0572 0.3565
0.0562 0.3625
0.0566 0.3558
0.0563 0.3600
0.0568 0.3575
0.0565 0.3556
0.0571 0.3459
0.0569 0.3505
0.0567 0.3529
0.0562 0.3637
0.0571 0.3498
0.0560 0.3673
0.0563 0.3670
0.0562 0.3619
0.0568 0.3542
0.0562 0.3623
0.0571 0.3562
0.0562 0.3605
0.0564 0.3580
0.0562 0.3595
0.0570 0.3522
0.0565 0.3606
0.0565 0.3537
0.0561 0.3612
0.0564 0.3618
0.0559 0.3674
0.0568 0.3530
0.0562 0.3602
0.0573 0.3476
0.0562 0.3626
0.0560 0.3699
0.0558 0.3667
0.0565 0.3544
0.0562 0.3603
0.0564 0.3601
0.0562 0.3597
0.0575 0.3440
0.0561 0.3645
0.0564 0.3596
0.0558 0.3673
0.0564 0.3641
0.0561 0.3629
0.0561 0.3715
0.0557 0.3688
0.0564 0.3611
0.0554 0.3736
0.0560 0.3641
0.0557 0.3684
0.0559 0.3612
0.0556 0.3686
0.0554 0.3765
0.0557 0.3687
0.0574 0.3517
0.0558 0.3674
0.0561 0.3611
0.0555 0.3674
0.0563 0.3570
0.0556 0.3680
0.0560 0.3601
0.0557 0.3649
0.0559 0.3604
0.0556 0.3697
0.0553 0.3766
0.0556 0.3692
0.0564 0.3671
0.0558 0.3684
0.0561 0.3586
0.0558 0.3636
0.0560 0.3602
0.0554 0.3698
0.0561 0.3661
0.0556 0.3684
0.0559 0.3614
0.0555 0.3679
0.0556 0.3708
0.0553 0.3728
0.0559 0.3652
0.0555 0.3706
0.0557 0.3704
0.0553 0.3745
0.0556 0.3618
0.0554 0.3690
0.0556 0.3694
0.0555 0.3725
0.0559 0.3667
0.0556 0.3673
0.0564 0.3485
0.0557 0.3671
0.0563 0.3578
0.0560 0.3653
0.0559 0.3656
0.0553 0.3718
0.0557 0.3663
0.0554 0.3708
0.0562 0.3562
0.0555 0.3697
0.0560 0.3636
0.0553 0.3679
0.0557 0.3679
0.0550 0.3754
0.0556 0.3713
0.0553 0.3702
0.0568 0.3578
0.0556 0.3702
0.0564 0.3575
0.0553 0.3733
0.0556 0.3657
0.0553 0.3681
0.0554 0.3664
0.0551 0.3717
0.0556 0.3645
0.0553 0.3714
0.0560 0.3599
0.0552 0.3729
0.0556 0.3687
0.0553 0.3726
0.0561 0.3713
0.0557 0.3651
0.0565 0.3572
0.0554 0.3690
0.0563 0.3488
0.0550 0.3739
0.0554 0.3703
0.0551 0.3742
0.0552 0.3706
0.0548 0.3769
0.0550 0.3771
0.0550 0.3772
0.0560 0.3614
0.0550 0.3764
0.0551 0.3778
0.0547 0.3756
0.0552 0.3667
0.0549 0.3765
0.0559 0.3682
0.0553 0.3747
0.0558 0.3649
0.0549 0.3738
0.0555 0.3721
