0.0727 0.1325
0.0700 0.1517
0.0696 0.1752
0.0690 0.1821
0.0686 0.1897
0.0685 0.1914
0.0678 0.2006
0.0678 0.2074
0.0675 0.2038
0.0676 0.1921
0.0670 0.2069
0.0663 0.2260
0.0664 0.2199
0.0663 0.2087
0.0662 0.2205
0.0660 0.2173
0.0657 0.2237
0.0659 0.2185
0.0659 0.2164
0.0659 0.2058
0.0656 0.2157
0.0654 0.2261
0.0650 0.2342
0.0650 0.2326
0.0648 0.2361
0.0648 0.2321
0.0649 0.2301
0.0654 0.2259
0.0643 0.2372
0.0640 0.2515
0.0643 0.2392
0.0644 0.2300
0.0639 0.2463
0.0643 0.2409
0.0637 0.2445
0.0636 0.2473
0.0633 0.2485
0.0634 0.2504
0.0631 0.2528
0.0632 0.2570
0.0633 0.2500
0.0632 0.2472
0.0630 0.2507
0.0631 0.2498
0.0627 0.2537
0.0626 0.2380
0.0627 0.2544
0.0624 0.2604
0.0624 0.2636
0.0626 0.2607
0.0626 0.2561
0.0625 0.2711
0.0623 0.2624
0.0625 0.2536
0.0619 0.2662
0.0619 0.2767
0.0621 0.2670
0.0619 0.2629
0.0620 0.2634
0.0618 0.2744
0.0617 0.2730
0.0627 0.2666
0.0616 0.2759
0.0615 0.2813
0.0614 0.2803
0.0616 0.2792
0.0617 0.2699
0.0620 0.2571
0.0616 0.2707
0.0613 0.2827
0.0614 0.2770
0.0617 0.2718
0.0613 0.2849
0.0615 0.2723
0.0608 0.2913
0.0611 0.2819
0.0609 0.2896
0.0607 0.2958
0.0610 0.2948
0.0612 0.2869
0.0607 0.2897
0.0617 0.2828
0.0608 0.2891
0.0623 0.2781
0.0608 0.2890
0.0606 0.2732
0.0606 0.2904
0.0611 0.2901
0.0605 0.2944
0.0605 0.2953
0.0603 0.2913
0.0602 0.2946
0.0602 0.2989
0.0604 0.2925
0.0604 0.3014
0.0601 0.3055
0.0597 0.3060
0.0604 0.3013
0.0598 0.3123
0.0605 0.2909
0.0600 0.3029
0.0614 0.2882
0.0599 0.3058
0.0604 0.3054
0.0603 0.3026
0.0604 0.3015
0.0600 0.3058
0.0601 0.3139
0.0595 0.3120
0.0602 0.2997
0.0602 0.2975
0.0603 0.2959
0.0599 0.3071
0.0610 0.2913
0.0602 0.2994
0.0607 0.2876
0.0599 0.3009
0.0600 0.3003
0.0599 0.3035
0.0601 0.3051
0.0595 0.3121
0.0597 0.3159
0.0596 0.3093
0.0600 0.3029
0.0595 0.3097
0.0593 0.3119
0.0597 0.3096
0.0612 0.2901
0.0600 0.3049
0.0598 0.3186
0.0598 0.3082
0.0600 0.3141
0.0597 0.3119
0.0593 0.3263
0.0595 0.3144
0.0600 0.3043
0.0593 0.3187
0.0593 0.3223
0.0592 0.3225
0.0596 0.3134
0.0592 0.3185
0.0593 0.3299
0.0591 0.3236
0.0591 0.3231
0.0590 0.3213
0.0598 0.3143
0.0592 0.3219
0.0585 0.3305
0.0589 0.3238
0.0586 0.3303
0.0589 0.3278
0.0590 0.3207
0.0587 0.3309
0.0591 0.3241
0.0591 0.3230
0.0598 0.3056
0.0590 0.3227
0.0591 0.3199
0.0586 0.3336
0.0587 0.3313
0.0589 0.3274
0.0591 0.3326
0.0584 0.3361
0.0592 0.3280
0.0590 0.3272
0.0590 0.3261
0.0588 0.3280
0.0584 0.3328
0.0584 0.3322
0.0583 0.3345
0.0584 0.3381
0.0585 0.3349
0.0587 0.3307
0.0588 0.3226
0.0581 0.3363
0.0585 0.3311
0.0585 0.3307
0.0587 0.3230
0.0583 0.3357
0.0585 0.3363
0.0583 0.3322
0.0596 0.3186
0.0585 0.3316
0.0586 0.3266
0.0581 0.3366
0.0580 0.3346
0.0581 0.3409
0.0580 0.3395
0.0584 0.3259
0.0590 0.3138
0.0581 0.3342
0.0581 0.3320
0.0585 0.3241
0.0586 0.3253
0.0584 0.3300
0.0584 0.3274
0.0582 0.3320
0.0584 0.3345
0.0583 0.3323
0.0601 0.3033
0.0581 0.3338
0.0585 0.3343
0.0579 0.3363
0.0581 0.3351
0.0578 0.3389
0.0591 0.3169
0.0582 0.3358
0.0583 0.3283
0.0579 0.3351
0.0585 0.3270
0.0579 0.3343
0.0577 0.3338
0.0577 0.3446
0.0579 0.3443
0.0579 0.3393
0.0575 0.3439
0.0576 0.3437
0.0581 0.3289
0.0576 0.3410
0.0585 0.3267
0.0576 0.3431
0.0577 0.3448
0.0577 0.3464
0.0585 0.3390
0.0578 0.3400
0.0578 0.3465
0.0579 0.3404
0.0578 0.3298
0.0582 0.3305
0.0584 0.3312
0.0575 0.3469
0.0577 0.3432
0.0574 0.3485
0.0575 0.3472
0.0576 0.3410
0.0577 0.3417
0.0577 0.3401
0.0585 0.3335
0.0573 0.3485
0.0575 0.3464
0.0576 0.3424
0.0581 0.3398
0.0575 0.3489
0.0576 0.3431
0.0574 0.3426
0.0593 0.3197
0.0572 0.3509
0.0576 0.3462
0.0573 0.3498
0.0581 0.3376
0.0574 0.3452
0.0577 0.3411
0.0570 0.3494
0.0571 0.3491
0.0576 0.3390
0.0577 0.3434
0.0574 0.3470
0.0579 0.3447
0.0575 0.3472
0.0577 0.3436
0.0575 0.3434
0.0577 0.3393
0.0572 0.3496
0.0575 0.3456
0.0571 0.3517
0.0575 0.3456
0.0574 0.3437
0.0577 0.3432
0.0573 0.3469
0.0574 0.3426
0.0572 0.3503
0.0587 0.3314
0.0571 0.3513
0.0585 0.3137
0.0570 0.3504
0.0569 0.3524
0.0570 0.3511
0.0570 0.3542
0.0567 0.3586
0.0571 0.3477
0.0568 0.3520
0.0580 0.3352
0.0570 0.3528
0.0573 0.3504
0.0569 0.3537
0.0575 0.3429
0.0569 0.3534
0.0570 0.3605
0.0571 0.3504
0.0571 0.3513
0.0567 0.3563
0.0572 0.3418
0.0569 0.3558
0.0574 0.3491
0.0568 0.3556
0.0572 0.3536
0.0570 0.3552
0.0568 0.3514
0.0567 0.3555
0.0571 0.3452
0.0567 0.3565
0.0571 0.3485
0.0567 0.3557
0.0569 0.3533
0.0570 0.3553
0.0573 0.3439
0.0569 0.3552
0.0578 0.3499
0.0568 0.3575
0.0570 0.3511
0.0565 0.3610
0.0569 0.3517
0.0566 0.3606
0.0572 0.3516
0.0569 0.3557
0.0572 0.3507
0.0569 0.3552
0.0570 0.3524
0.0565 0.3585
0.0570 0.3466
0.0568 0.3556
0.0573 0.3444
0.0566 0.3569
0.0577 0.3473
0.0571 0.3559
0.0574 0.3446
0.0568 0.3579
0.0573 0.3473
0.0567 0.3565
0.0570 0.3565
0.0566 0.3598
0.0572 0.3430
0.0565 0.3620
0.0574 0.3454
0.0564 0.3558
0.0573 0.3526
0.0563 0.3622
0.0566 0.3550
0.0568 0.3497
0.0572 0.3518
0.0565 0.3580
0.0566 0.3618
0.0563 0.3606
0.0565 0.3588
0.0564 0.3581
0.0574 0.3404
0.0567 0.3520
0.0567 0.3554
0.0566 0.3587
0.0565 0.3594
0.0560 0.3669
0.0567 0.3543
0.0562 0.3635
0.0562 0.3561
0.0563 0.3583
0.0569 0.3482
0.0570 0.3505
0.0566 0.3575
0.0566 0.3575
0.0580 0.3348
0.0569 0.3522
0.0571 0.3507
0.0564 0.3612
0.0574 0.3436
0.0565 0.3568
0.0564 0.3563
0.0561 0.3644
0.0573 0.3457
0.0564 0.3623
0.0569 0.3469
0.0563 0.3645
0.0568 0.3609
0.0563 0.3611
0.0564 0.3573
0.0565 0.3578
0.0559 0.3707
0.0561 0.3655
0.0566 0.3504
0.0561 0.3664
0.0567 0.3545
0.0560 0.3657
0.0570 0.3410
0.0564 0.3611
0.0568 0.3615
0.0561 0.3674
0.0566 0.3582
0.0560 0.3665
0.0562 0.3574
0.0558 0.3709
0.0561 0.3585
0.0561 0.3637
0.0566 0.3515
0.0559 0.3688
0.0569 0.3559
0.0564 0.3632
0.0566 0.3604
0.0558 0.3661
0.0563 0.3615
0.0558 0.3679
0.0568 0.3419
