0.0717 0.1452
0.0703 0.1614
0.0694 0.1731
0.0686 0.1776
0.0683 0.1930
0.0683 0.2072
0.0673 0.2096
0.0671 0.2161
0.0664 0.2315
0.0663 0.2287
0.0662 0.2270
0.0656 0.2460
0.0656 0.2412
0.0651 0.2366
0.0650 0.2441
0.0647 0.2608
0.0645 0.2590
0.0641 0.2688
0.0641 0.2557
0.0644 0.2668
0.0637 0.2639
0.0633 0.2801
0.0633 0.2767
0.0633 0.2724
0.0631 0.2726
0.0629 0.2754
0.0626 0.2833
0.0629 0.2857
0.0625 0.2855
0.0626 0.2686
0.0625 0.2818
0.0630 0.2800
0.0625 0.2809
0.0622 0.2952
0.0622 0.2860
0.0626 0.2835
0.0620 0.2848
0.0616 0.2906
0.0617 0.2881
0.0619 0.2848
0.0617 0.2918
0.0616 0.2907
0.0610 0.3010
0.0609 0.2994
0.0611 0.3029
0.0611 0.3031
0.0613 0.2989
0.0610 0.2957
0.0611 0.2924
0.0609 0.2959
0.0610 0.2937
0.0610 0.2905
0.0611 0.2921
0.0613 0.2973
0.0609 0.2998
0.0612 0.2999
0.0610 0.3004
0.0604 0.3145
0.0605 0.3053
0.0610 0.2914
0.0604 0.3051
0.0607 0.3062
0.0603 0.3086
0.0603 0.3043
0.0603 0.3074
0.0605 0.3026
0.0606 0.3013
0.0605 0.3052
0.0605 0.3029
0.0607 0.3067
0.0599 0.3125
0.0600 0.3033
0.0600 0.3074
0.0598 0.3087
0.0598 0.3087
0.0597 0.3093
0.0595 0.3193
0.0599 0.3186
0.0595 0.3163
0.0593 0.3194
0.0594 0.3189
0.0595 0.3223
0.0593 0.3213
0.0597 0.3131
0.0593 0.3177
0.0598 0.3147
0.0596 0.3167
0.0596 0.3170
0.0593 0.3177
0.0592 0.3090
0.0600 0.3101
0.0601 0.3091
0.0598 0.3123
0.0592 0.3208
0.0594 0.3183
0.0595 0.3183
0.0596 0.3121
0.0597 0.3139
0.0591 0.3216
0.0593 0.3230
0.0590 0.3211
0.0599 0.2947
0.0592 0.3170
0.0591 0.3198
0.0591 0.3233
0.0591 0.3272
0.0591 0.3174
0.0596 0.3096
0.0590 0.3223
0.0595 0.3174
0.0595 0.3125
0.0595 0.3174
0.0587 0.3244
0.0586 0.3194
0.0592 0.3184
0.0594 0.3041
0.0587 0.3260
0.0586 0.3266
0.0586 0.3288
0.0583 0.3332
0.0585 0.3282
0.0587 0.3245
0.0584 0.3289
0.0587 0.3265
0.0582 0.3341
0.0584 0.3275
0.0588 0.3208
0.0582 0.3335
0.0581 0.3317
0.0587 0.3207
0.0582 0.3297
0.0588 0.3241
0.0586 0.3261
0.0579 0.3289
0.0582 0.3311
0.0583 0.3328
0.0586 0.3294
0.0580 0.3285
0.0583 0.3291
0.0585 0.3249
0.0580 0.3335
0.0585 0.3220
0.0584 0.3294
0.0581 0.3287
0.0581 0.3322
0.0580 0.3283
0.0579 0.3372
0.0584 0.3323
0.0579 0.3364
0.0576 0.3446
0.0580 0.3367
0.0583 0.3225
0.0578 0.3364
0.0582 0.3249
0.0581 0.3297
0.0578 0.3322
0.0581 0.3313
0.0580 0.3352
0.0579 0.3361
0.0588 0.3201
0.0582 0.3288
0.0582 0.3227
0.0579 0.3299
0.0577 0.3338
0.0577 0.3350
0.0581 0.3287
0.0576 0.3386
0.0580 0.3375
0.0579 0.3327
0.0577 0.3376
0.0579 0.3328
0.0577 0.3374
0.0578 0.3355
0.0576 0.3387
0.0576 0.3381
0.0579 0.3362
0.0576 0.3393
0.0574 0.3372
0.0574 0.3414
0.0574 0.3450
0.0577 0.3366
0.0576 0.3364
0.0578 0.3336
0.0577 0.3363
0.0575 0.3370
0.0573 0.3383
0.0581 0.3298
0.0574 0.3453
0.0575 0.3408
0.0580 0.3292
0.0576 0.3351
0.0581 0.3294
0.0576 0.3382
0.0588 0.3193
0.0574 0.3393
0.0585 0.3277
0.0571 0.3428
0.0572 0.3345
0.0572 0.3436
0.0569 0.3407
0.0568 0.3481
0.0567 0.3520
0.0568 0.3448
0.0577 0.3310
0.0574 0.3399
0.0567 0.3464
0.0571 0.3433
0.0578 0.3300
0.0572 0.3448
0.0574 0.3385
0.0573 0.3397
0.0574 0.3421
0.0570 0.3457
0.0569 0.3513
0.0568 0.3445
0.0573 0.3422
0.0570 0.3461
0.0575 0.3412
0.0573 0.3420
0.0574 0.3385
0.0573 0.3395
0.0571 0.3355
0.0568 0.3482
0.0567 0.3463
0.0569 0.3480
0.0571 0.3419
0.0565 0.3528
0.0572 0.3459
0.0573 0.3438
0.0576 0.3362
0.0574 0.3382
0.0573 0.3384
0.0575 0.3433
0.0576 0.3328
0.0572 0.3439
0.0572 0.3399
0.0566 0.3517
0.0568 0.3505
0.0570 0.3438
0.0571 0.3414
0.0565 0.3520
0.0566 0.3531
0.0574 0.3421
0.0579 0.3287
0.0572 0.3424
0.0565 0.3524
0.0566 0.3549
0.0566 0.3518
0.0568 0.3519
0.0578 0.3387
0.0565 0.3519
0.0570 0.3450
0.0570 0.3483
0.0568 0.3576
0.0564 0.3554
0.0567 0.3540
0.0570 0.3442
0.0571 0.3354
0.0568 0.3483
0.0580 0.3359
0.0571 0.3392
0.0562 0.3630
0.0568 0.3455
0.0567 0.3564
0.0564 0.3521
0.0569 0.3473
0.0567 0.3469
0.0564 0.3558
0.0563 0.3563
0.0565 0.3508
0.0565 0.3520
0.0568 0.3464
0.0561 0.3544
0.0566 0.3492
0.0564 0.3524
0.0559 0.3569
0.0562 0.3575
0.0567 0.3475
0.0567 0.3458
0.0573 0.3402
0.0565 0.3501
0.0568 0.3460
0.0563 0.3546
0.0565 0.3525
0.0565 0.3501
0.0564 0.3522
0.0561 0.3537
0.0562 0.3530
0.0561 0.3536
0.0564 0.3521
0.0563 0.3549
0.0562 0.3556
0.0565 0.3516
0.0565 0.3501
0.0564 0.3533
0.0563 0.3592
0.0560 0.3551
0.0566 0.3470
0.0558 0.3596
0.0561 0.3594
0.0563 0.3518
0.0568 0.3494
0.0563 0.3541
0.0564 0.3595
0.0562 0.3536
0.0563 0.3514
0.0561 0.3567
0.0561 0.3585
0.0559 0.3592
0.0559 0.3596
0.0559 0.3613
0.0565 0.3562
0.0562 0.3516
0.0572 0.3397
0.0563 0.3505
0.0565 0.3509
0.0563 0.3509
0.0568 0.3370
0.0561 0.3555
0.0557 0.3661
0.0558 0.3601
0.0558 0.3589
0.0561 0.3574
0.0560 0.3572
0.0564 0.3519
0.0563 0.3439
0.0557 0.3619
0.0556 0.3635
0.0557 0.3646
0.0560 0.3552
0.0556 0.3626
0.0560 0.3573
0.0556 0.3605
0.0559 0.3588
0.0558 0.3595
0.0567 0.3503
0.0560 0.3542
0.0559 0.3562
0.0562 0.3532
0.0563 0.3603
0.0559 0.3528
0.0563 0.3438
0.0555 0.3612
0.0561 0.3595
0.0557 0.3617
0.0564 0.3536
0.0561 0.3572
0.0576 0.3420
0.0566 0.3505
0.0565 0.3435
0.0563 0.3534
0.0560 0.3558
0.0560 0.3565
0.0562 0.3549
0.0562 0.3534
0.0566 0.3557
0.0561 0.3590
0.0565 0.3533
0.0565 0.3517
0.0566 0.3464
0.0562 0.3531
0.0564 0.3513
0.0564 0.3496
0.0575 0.3374
0.0565 0.3484
0.0573 0.3453
0.0560 0.3529
0.0560 0.3483
0.0564 0.3502
0.0562 0.3521
0.0560 0.3569
0.0566 0.3526
0.0562 0.3511
0.0564 0.3476
0.0564 0.3517
0.0563 0.3495
0.0558 0.3581
0.0563 0.3455
0.0561 0.3531
0.0559 0.3619
0.0561 0.3564
0.0569 0.3426
0.0562 0.3535
0.0562 0.3468
0.0559 0.3576
0.0565 0.3461
0.0559 0.3571
0.0559 0.3557
0.0557 0.3616
0.0558 0.3609
0.0560 0.3564
0.0564 0.3492
0.0559 0.3574
0.0560 0.3575
0.0557 0.3591
0.0556 0.3563
0.0552 0.3674
0.0564 0.3595
0.0558 0.3639
0.0557 0.3621
