0.0720 0.1410
0.0695 0.1640
0.0689 0.1773
0.0685 0.1850
0.0680 0.1843
0.0675 0.2040
0.0664 0.2166
0.0666 0.2224
0.0659 0.2251
0.0659 0.2276
0.0656 0.2295
0.0655 0.2282
0.0645 0.2439
0.0642 0.2552
0.0637 0.2569
0.0631 0.2760
0.0630 0.2670
0.0634 0.2613
0.0628 0.2692
0.0631 0.2695
0.0623 0.2810
0.0619 0.2845
0.0620 0.2822
0.0620 0.2840
0.0616 0.2882
0.0617 0.2900
0.0615 0.2886
0.0616 0.2833
0.0614 0.2936
0.0618 0.2894
0.0611 0.2953
0.0613 0.2984
0.0609 0.2987
0.0610 0.2943
0.0608 0.2995
0.0608 0.2930
0.0606 0.3008
0.0607 0.2972
0.0604 0.3041
0.0603 0.3050
0.0602 0.3089
0.0604 0.3022
0.0604 0.3060
0.0605 0.3042
0.0600 0.3089
0.0604 0.3116
0.0596 0.3156
0.0597 0.3187
0.0596 0.3146
0.0594 0.3152
0.0593 0.3192
0.0599 0.3122
0.0592 0.3205
0.0596 0.3143
0.0592 0.3196
0.0600 0.3116
0.0591 0.3216
0.0591 0.3178
0.0589 0.3248
0.0591 0.3234
0.0589 0.3278
0.0593 0.3210
0.0588 0.3271
0.0591 0.3226
0.0588 0.3258
0.0590 0.3205
0.0586 0.3308
0.0591 0.3263
0.0585 0.3318
0.0591 0.3246
0.0586 0.3303
0.0589 0.3254
0.0587 0.3272
0.0589 0.3217
0.0585 0.3274
0.0589 0.3180
0.0584 0.3316
0.0583 0.3386
0.0581 0.3391
0.0584 0.3358
0.0581 0.3384
0.0582 0.3360
0.0578 0.3401
0.0580 0.3368
0.0579 0.3373
0.0580 0.3330
0.0581 0.3328
0.0579 0.3400
0.0583 0.3392
0.0583 0.3355
0.0581 0.3378
0.0589 0.3283
0.0578 0.3372
0.0584 0.3271
0.0574 0.3431
0.0575 0.3439
0.0580 0.3359
0.0579 0.3356
0.0576 0.3430
0.0582 0.3324
0.0576 0.3425
0.0580 0.3331
0.0576 0.3407
0.0582 0.3314
0.0574 0.3440
0.0578 0.3344
0.0576 0.3394
0.0584 0.3281
0.0574 0.3440
0.0577 0.3390
0.0571 0.3504
0.0571 0.3499
0.0570 0.3485
0.0575 0.3333
0.0572 0.3467
0.0578 0.3362
0.0574 0.3411
0.0576 0.3304
0.0573 0.3471
0.0577 0.3367
0.0574 0.3428
0.0581 0.3264
0.0572 0.3446
0.0572 0.3453
0.0568 0.3543
0.0574 0.3354
0.0569 0.3492
0.0571 0.3375
0.0568 0.3545
0.0572 0.3448
0.0570 0.3477
0.0575 0.3408
0.0572 0.3446
0.0571 0.3433
0.0569 0.3509
0.0570 0.3425
0.0571 0.3511
0.0573 0.3467
0.0567 0.3547
0.0568 0.3503
0.0570 0.3484
0.0576 0.3387
0.0567 0.3523
0.0571 0.3512
0.0567 0.3522
0.0570 0.3513
0.0569 0.3497
0.0572 0.3430
0.0568 0.3526
0.0569 0.3461
0.0566 0.3565
0.0571 0.3468
0.0566 0.3554
0.0566 0.3555
0.0564 0.3595
0.0566 0.3585
0.0563 0.3607
0.0561 0.3559
0.0566 0.3498
0.0569 0.3414
0.0568 0.3470
0.0569 0.3421
0.0564 0.3563
0.0570 0.3487
0.0565 0.3535
0.0566 0.3481
0.0562 0.3595
0.0568 0.3474
0.0562 0.3585
0.0568 0.3489
0.0566 0.3496
0.0568 0.3470
0.0563 0.3589
0.0561 0.3564
0.0559 0.3620
0.0561 0.3551
0.0562 0.3571
0.0567 0.3534
0.0564 0.3567
0.0565 0.3584
0.0564 0.3577
0.0561 0.3602
0.0560 0.3629
0.0563 0.3537
0.0559 0.3582
0.0565 0.3586
0.0558 0.3623
0.0562 0.3562
0.0562 0.3584
0.0566 0.3532
0.0564 0.3579
0.0567 0.3558
0.0565 0.3532
0.0564 0.3518
0.0565 0.3535
0.0564 0.3563
0.0560 0.3609
0.0567 0.3516
0.0561 0.3620
0.0563 0.3609
0.0564 0.3570
0.0566 0.3535
0.0561 0.3620
0.0565 0.3563
0.0561 0.3603
0.0562 0.3576
0.0559 0.3637
0.0562 0.3594
0.0562 0.3661
0.0567 0.3543
0.0559 0.3659
0.0565 0.3530
0.0563 0.3555
0.0564 0.3576
0.0560 0.3646
0.0567 0.3480
0.0559 0.3618
0.0562 0.3523
0.0558 0.3647
0.0560 0.3647
0.0559 0.3631
0.0562 0.3617
0.0558 0.3636
0.0565 0.3506
0.0558 0.3642
0.0557 0.3639
0.0556 0.3660
0.0560 0.3578
0.0555 0.3689
0.0556 0.3630
0.0555 0.3676
0.0555 0.3651
0.0555 0.3692
0.0564 0.3571
0.0554 0.3669
0.0553 0.3663
0.0553 0.3691
0.0559 0.3600
0.0560 0.3585
0.0561 0.3568
0.0552 0.3725
0.0555 0.3635
0.0552 0.3705
0.0560 0.3578
0.0553 0.3709
0.0552 0.3699
0.0551 0.3743
0.0559 0.3634
0.0553 0.3704
0.0557 0.3627
0.0556 0.3674
0.0561 0.3593
0.0559 0.3626
0.0561 0.3587
0.0554 0.3681
0.0552 0.3662
0.0555 0.3669
0.0557 0.3580
0.0554 0.3681
0.0558 0.3625
0.0554 0.3671
0.0555 0.3684
0.0552 0.3683
0.0558 0.3568
0.0553 0.3667
0.0558 0.3642
0.0554 0.3695
0.0559 0.3597
0.0553 0.3684
0.0566 0.3458
0.0556 0.3643
0.0561 0.3628
0.0557 0.3623
0.0559 0.3553
0.0552 0.3678
0.0561 0.3590
0.0552 0.3703
0.0557 0.3643
0.0550 0.3739
0.0557 0.3580
0.0549 0.3764
0.0555 0.3680
0.0549 0.3749
0.0550 0.3709
0.0551 0.3707
0.0559 0.3577
0.0554 0.3679
0.0558 0.3584
0.0550 0.3723
0.0555 0.3667
0.0552 0.3726
0.0553 0.3705
0.0551 0.3696
0.0555 0.3556
0.0554 0.3690
0.0550 0.3698
0.0552 0.3726
0.0549 0.3736
0.0546 0.3761
0.0549 0.3791
0.0550 0.3752
0.0549 0.3735
0.0545 0.3761
0.0554 0.3656
0.0548 0.3717
0.0551 0.3645
0.0550 0.3690
0.0553 0.3609
0.0548 0.3733
0.0554 0.3678
0.0549 0.3766
0.0547 0.3778
0.0548 0.3777
0.0554 0.3647
0.0547 0.3765
0.0549 0.3682
0.0546 0.3752
0.0554 0.3646
0.0548 0.3764
0.0554 0.3687
0.0548 0.3750
0.0549 0.3675
0.0544 0.3779
0.0547 0.3732
0.0547 0.3759
0.0551 0.3645
0.0547 0.3773
0.0544 0.3780
0.0548 0.3742
0.0552 0.3654
0.0545 0.3789
0.0551 0.3684
0.0545 0.3787
0.0550 0.3763
0.0546 0.3776
0.0546 0.3758
0.0546 0.3766
0.0554 0.3647
0.0544 0.3806
0.0544 0.3846
0.0545 0.3764
0.0549 0.3662
0.0543 0.3788
0.0546 0.3754
0.0543 0.3792
0.0540 0.3850
0.0542 0.3805
0.0548 0.3776
0.0545 0.3776
0.0551 0.3702
0.0547 0.3787
0.0547 0.3739
0.0547 0.3813
0.0550 0.3750
0.0548 0.3795
0.0557 0.3647
0.0548 0.3774
0.0552 0.3750
0.0545 0.3815
0.0548 0.3760
0.0546 0.3791
0.0552 0.3733
0.0547 0.3785
0.0552 0.3797
0.0548 0.3746
0.0553 0.3703
0.0546 0.3747
0.0551 0.3700
0.0547 0.3780
0.0550 0.3745
0.0546 0.3813
0.0555 0.3676
0.0549 0.3714
0.0554 0.3709
0.0546 0.3784
0.0553 0.3681
0.0547 0.3766
0.0550 0.3803
0.0547 0.3757
0.0557 0.3649
0.0551 0.3729
0.0555 0.3654
0.0547 0.3753
0.0557 0.3709
0.0547 0.3772
0.0550 0.3731
0.0551 0.3729
0.0552 0.3729
0.0558 0.3654
0.0563 0.3611
0.0559 0.3646
0.0560 0.3629
0.0559 0.3638
0.0570 0.3492
0.0559 0.3620
0.0553 0.3592
0.0550 0.3731
0.0557 0.3621
0.0552 0.3732
0.0554 0.3742
