0.3464 0.0979
0.3276 0.0970
0.3097 0.1011
0.2798 0.1065
0.2819 0.1069
0.2682 0.1185
0.2581 0.1135
0.2347 0.1194
0.2195 0.1068
0.2116 0.1130
0.2025 0.1088
0.1927 0.1046
0.1894 0.1097
0.1759 0.1144
0.1731 0.1104
0.1632 0.1033
0.1555 0.1115
0.1474 0.1046
0.1437 0.1171
0.1391 0.1254
0.1358 0.1158
0.1279 0.1072
0.1255 0.1121
0.1166 0.1114
0.1135 0.1121
0.1090 0.1123
0.1076 0.1098
0.1056 0.1077
0.1029 0.1105
0.1012 0.1012
0.1004 0.1137
0.1001 0.1167
0.0991 0.1197
0.0974 0.1218
0.0980 0.1206
0.1002 0.1180
0.0963 0.1205
0.0931 0.1211
0.0926 0.1209
0.0913 0.1209
0.0907 0.1218
0.0894 0.1209
0.0897 0.1219
0.0888 0.1204
0.0890 0.1250
0.0873 0.1244
0.0874 0.1265
0.0865 0.1260
0.0867 0.1283
0.0860 0.1271
0.0866 0.1269
0.0864 0.1288
0.0861 0.1275
0.0855 0.1280
0.0855 0.1258
0.0848 0.1251
0.0847 0.1261
0.0840 0.1272
0.0841 0.1252
0.0833 0.1285
0.0837 0.1260
0.0829 0.1276
0.0833 0.1269
0.0826 0.1282
0.0827 0.1271
0.0824 0.1282
0.0823 0.1281
0.0820 0.1279
0.0820 0.1279
0.0819 0.1287
0.0816 0.1276
0.0813 0.1265
0.0813 0.1277
0.0812 0.1286
0.0810 0.1280
0.0810 0.1272
0.0807 0.1271
0.0807 0.1260
0.0805 0.1263
0.0806 0.1228
0.0802 0.1241
0.0802 0.1218
0.0799 0.1231
0.0801 0.1215
0.0798 0.1229
0.0798 0.1205
0.0796 0.1229
0.0797 0.1202
0.0795 0.1231
0.0795 0.1203
0.0793 0.1226
0.0793 0.1222
0.0791 0.1238
0.0791 0.1205
0.0789 0.1234
0.0790 0.1211
0.0788 0.1241
0.0788 0.1222
0.0787 0.1238
0.0787 0.1214
0.0785 0.1234
0.0786 0.1212
0.0784 0.1225
0.0786 0.1203
0.0783 0.1227
0.0784 0.1203
0.0782 0.1226
0.0783 0.1205
0.0781 0.1226
0.0782 0.1202
0.0780 0.1225
0.0782 0.1204
0.0779 0.1227
0.0780 0.1220
0.0778 0.1239
0.0779 0.1221
0.0777 0.1243
0.0779 0.1230
0.0777 0.1242
0.0777 0.1223
0.0775 0.1244
0.0776 0.1228
0.0774 0.1240
0.0776 0.1228
0.0774 0.1248
0.0775 0.1238
0.0773 0.1229
0.0773 0.1235
0.0772 0.1233
0.0773 0.1214
0.0771 0.1215
0.0773 0.1213
0.0770 0.1186
0.0772 0.1173
0.0769 0.1198
0.0771 0.1191
0.0769 0.1193
0.0770 0.1194
0.0768 0.1188
0.0769 0.1212
0.0767 0.1188
0.0768 0.1218
0.0766 0.1190
0.0767 0.1198
0.0766 0.1188
0.0768 0.1185
0.0766 0.1177
0.0766 0.1193
0.0765 0.1182
0.0765 0.1193
0.0764 0.1174
0.0764 0.1190
0.0763 0.1185
0.0763 0.1199
0.0762 0.1177
0.0762 0.1193
0.0761 0.1184
0.0761 0.1195
0.0760 0.1181
0.0760 0.1206
0.0759 0.1180
0.0759 0.1193
0.0759 0.1181
0.0759 0.1199
0.0758 0.1190
0.0757 0.1222
0.0757 0.1181
0.0757 0.1206
0.0757 0.1182
0.0756 0.1203
0.0756 0.1168
0.0755 0.1193
0.0755 0.1179
0.0755 0.1213
0.0755 0.1190
0.0755 0.1216
0.0754 0.1171
0.0754 0.1195
0.0754 0.1181
0.0753 0.1191
0.0753 0.1189
0.0753 0.1221
0.0753 0.1221
0.0752 0.1258
0.0752 0.1227
0.0752 0.1269
0.0751 0.1225
0.0750 0.1265
0.0750 0.1236
0.0750 0.1261
0.0750 0.1222
0.0749 0.1265
0.0749 0.1233
0.0748 0.1250
0.0749 0.1229
0.0748 0.1255
0.0748 0.1225
0.0747 0.1265
0.0748 0.1231
0.0747 0.1263
0.0748 0.1230
0.0747 0.1266
0.0747 0.1230
0.0746 0.1263
0.0747 0.1237
0.0746 0.1261
0.0746 0.1240
0.0745 0.1269
0.0746 0.1243
0.0745 0.1269
0.0746 0.1240
0.0745 0.1270
0.0745 0.1240
0.0744 0.1265
0.0744 0.1240
0.0744 0.1267
0.0744 0.1240
0.0743 0.1266
0.0744 0.1241
0.0743 0.1272
0.0744 0.1245
0.0743 0.1262
0.0743 0.1245
0.0742 0.1264
0.0743 0.1239
0.0742 0.1266
0.0743 0.1238
0.0741 0.1262
0.0743 0.1242
0.0741 0.1269
0.0742 0.1237
0.0741 0.1265
0.0742 0.1238
0.0740 0.1261
0.0742 0.1238
0.0740 0.1269
0.0742 0.1230
0.0740 0.1259
0.0742 0.1229
0.0740 0.1265
0.0742 0.1228
0.0739 0.1263
0.0742 0.1230
0.0739 0.1263
0.0741 0.1227
0.0739 0.1269
0.0741 0.1234
0.0739 0.1272
0.0740 0.1232
0.0738 0.1271
0.0740 0.1236
0.0738 0.1270
0.0740 0.1234
0.0738 0.1271
0.0740 0.1234
0.0737 0.1275
0.0740 0.1234
0.0737 0.1271
0.0739 0.1233
0.0737 0.1273
0.0739 0.1237
0.0737 0.1269
0.0739 0.1231
0.0737 0.1268
0.0739 0.1235
0.0737 0.1263
0.0739 0.1236
0.0736 0.1264
0.0739 0.1232
0.0736 0.1264
0.0738 0.1232
0.0736 0.1270
0.0738 0.1237
0.0736 0.1262
0.0738 0.1238
0.0736 0.1267
0.0738 0.1239
0.0735 0.1264
0.0738 0.1236
0.0735 0.1269
0.0738 0.1235
0.0735 0.1269
0.0737 0.1237
0.0735 0.1266
0.0737 0.1234
0.0735 0.1271
0.0737 0.1236
0.0735 0.1271
0.0737 0.1234
0.0734 0.1268
0.0737 0.1232
0.0735 0.1270
0.0737 0.1236
0.0734 0.1265
0.0737 0.1224
0.0734 0.1266
0.0737 0.1230
0.0734 0.1272
0.0736 0.1235
0.0734 0.1267
0.0736 0.1229
0.0734 0.1269
0.0736 0.1230
0.0734 0.1264
0.0736 0.1237
0.0733 0.1264
0.0736 0.1226
0.0734 0.1265
0.0736 0.1233
0.0733 0.1273
0.0735 0.1232
0.0733 0.1275
0.0735 0.1231
0.0733 0.1269
0.0735 0.1232
0.0733 0.1266
0.0735 0.1239
0.0733 0.1269
0.0735 0.1233
0.0732 0.1268
0.0735 0.1233
0.0733 0.1269
0.0735 0.1236
0.0732 0.1272
0.0735 0.1237
0.0732 0.1273
0.0734 0.1236
0.0732 0.1272
0.0734 0.1242
0.0732 0.1263
0.0734 0.1237
0.0732 0.1277
0.0734 0.1244
0.0731 0.1277
0.0734 0.1251
0.0731 0.1275
0.0733 0.1245
0.0731 0.1279
0.0733 0.1255
0.0731 0.1285
0.0733 0.1245
0.0731 0.1280
0.0733 0.1247
0.0731 0.1279
0.0733 0.1247
0.0731 0.1278
0.0733 0.1244
0.0731 0.1279
0.0733 0.1249
0.0730 0.1278
0.0732 0.1248
0.0730 0.1281
0.0732 0.1249
0.0730 0.1281
0.0732 0.1250
0.0730 0.1284
0.0732 0.1254
0.0730 0.1283
0.0732 0.1252
0.0730 0.1287
0.0732 0.1253
0.0729 0.1287
0.0732 0.1257
0.0729 0.1282
0.0732 0.1251
0.0729 0.1286
0.0731 0.1253
0.0729 0.1289
0.0731 0.1257
0.0729 0.1285
0.0731 0.1256
0.0729 0.1287
0.0731 0.1258
0.0729 0.1289
0.0731 0.1264
0.0729 0.1294
0.0731 0.1259
0.0728 0.1294
0.0731 0.1268
0.0728 0.1293
0.0730 0.1264
0.0728 0.1294
0.0730 0.1262
0.0728 0.1302
0.0730 0.1266
0.0728 0.1300
0.0730 0.1268
0.0728 0.1307
0.0730 0.1265
0.0728 0.1322
0.0730 0.1273
0.0728 0.1300
0.0730 0.1267
0.0728 0.1293
0.0730 0.1268
0.0728 0.1292
0.0730 0.1256
0.0728 0.1302
0.0730 0.1269
0.0727 0.1298
