0.0714 0.1366
0.0710 0.1531
0.0706 0.1678
0.0702 0.1799
0.0699 0.1959
0.0697 0.2009
0.0694 0.2152
0.0692 0.2211
0.0690 0.2215
0.0688 0.2388
0.0685 0.2356
0.0683 0.2358
0.0680 0.2439
0.0678 0.2414
0.0675 0.2471
0.0675 0.2397
0.0670 0.2512
0.0668 0.2406
0.0666 0.2614
0.0665 0.2601
0.0661 0.2632
0.0659 0.2561
0.0656 0.2655
0.0654 0.2633
0.0651 0.2638
0.0650 0.2601
0.0647 0.2687
0.0646 0.2746
0.0643 0.2708
0.0642 0.2757
0.0639 0.2767
0.0639 0.2693
0.0636 0.2770
0.0635 0.2722
0.0633 0.2784
0.0632 0.2705
0.0630 0.2775
0.0629 0.2717
0.0628 0.2746
0.0626 0.2773
0.0625 0.2778
0.0625 0.2856
0.0623 0.2832
0.0626 0.2669
0.0621 0.2832
0.0622 0.2808
0.0619 0.2860
0.0621 0.2808
0.0617 0.2834
0.0620 0.2792
0.0615 0.2922
0.0615 0.2852
0.0615 0.2905
0.0615 0.2935
0.0613 0.2960
0.0612 0.2980
0.0611 0.2930
0.0611 0.2941
0.0611 0.2957
0.0608 0.2996
0.0609 0.3016
0.0611 0.2951
0.0608 0.3017
0.0607 0.3024
0.0606 0.3075
0.0608 0.3042
0.0605 0.3046
0.0607 0.3038
0.0605 0.3056
0.0607 0.3058
0.0604 0.3055
0.0604 0.3061
0.0604 0.3078
0.0604 0.3096
0.0600 0.3156
0.0606 0.3174
0.0602 0.3150
0.0604 0.3130
0.0599 0.3150
0.0601 0.3151
0.0599 0.3138
0.0599 0.3144
0.0598 0.3171
0.0599 0.3170
0.0598 0.3197
0.0597 0.3189
0.0598 0.3157
0.0595 0.3222
0.0595 0.3223
0.0597 0.3235
0.0596 0.3213
0.0601 0.3117
0.0595 0.3191
0.0594 0.3215
0.0595 0.3231
0.0602 0.3191
0.0596 0.3235
0.0598 0.3190
0.0595 0.3224
0.0596 0.3219
0.0593 0.3233
0.0595 0.3173
0.0593 0.3271
0.0598 0.3200
0.0593 0.3255
0.0592 0.3234
0.0593 0.3260
0.0594 0.3287
0.0594 0.3199
0.0596 0.3205
0.0591 0.3228
0.0593 0.3184
0.0590 0.3247
0.0593 0.3249
0.0592 0.3238
0.0595 0.3321
0.0591 0.3296
0.0590 0.3302
0.0590 0.3314
0.0590 0.3299
0.0590 0.3318
0.0586 0.3400
0.0588 0.3350
0.0589 0.3224
0.0589 0.3265
0.0590 0.3276
0.0589 0.3250
0.0589 0.3307
0.0591 0.3257
0.0590 0.3238
0.0587 0.3295
0.0591 0.3238
0.0589 0.3272
0.0591 0.3101
0.0586 0.3309
0.0589 0.3216
0.0587 0.3283
0.0592 0.3241
0.0587 0.3339
0.0586 0.3330
0.0586 0.3263
0.0588 0.3258
0.0585 0.3316
0.0592 0.3224
0.0585 0.3302
0.0591 0.3247
0.0584 0.3331
0.0588 0.3346
0.0583 0.3345
0.0587 0.3291
0.0583 0.3326
0.0584 0.3274
0.0582 0.3362
0.0581 0.3393
0.0582 0.3371
0.0589 0.3276
0.0582 0.3353
0.0585 0.3314
0.0581 0.3359
0.0584 0.3347
0.0582 0.3336
0.0584 0.3305
0.0581 0.3357
0.0580 0.3403
0.0580 0.3402
0.0581 0.3431
0.0583 0.3333
0.0588 0.3318
0.0581 0.3359
0.0590 0.3264
0.0583 0.3357
0.0584 0.3327
0.0583 0.3300
0.0585 0.3308
0.0582 0.3333
0.0580 0.3311
0.0583 0.3305
0.0582 0.3311
0.0579 0.3363
0.0584 0.3245
0.0580 0.3324
0.0582 0.3289
0.0580 0.3384
0.0581 0.3411
0.0580 0.3371
0.0584 0.3392
0.0579 0.3392
0.0583 0.3343
0.0578 0.3397
0.0578 0.3384
0.0579 0.3354
0.0582 0.3328
0.0579 0.3389
0.0588 0.3369
0.0580 0.3359
0.0585 0.3302
0.0579 0.3376
0.0575 0.3460
0.0580 0.3336
0.0584 0.3301
0.0582 0.3352
0.0586 0.3318
0.0578 0.3365
0.0582 0.3287
0.0578 0.3381
0.0577 0.3390
0.0577 0.3418
0.0581 0.3357
0.0576 0.3418
0.0586 0.3233
0.0577 0.3390
0.0583 0.3359
0.0580 0.3345
0.0582 0.3326
0.0580 0.3344
0.0582 0.3336
0.0579 0.3363
0.0589 0.3274
0.0580 0.3375
0.0580 0.3414
0.0578 0.3370
0.0577 0.3363
0.0577 0.3368
0.0579 0.3276
0.0577 0.3382
0.0583 0.3246
0.0577 0.3342
0.0575 0.3427
0.0580 0.3351
0.0589 0.3181
0.0580 0.3365
0.0581 0.3392
0.0583 0.3324
0.0580 0.3340
0.0578 0.3376
0.0577 0.3338
0.0576 0.3372
0.0579 0.3385
0.0580 0.3349
0.0581 0.3373
0.0578 0.3376
0.0585 0.3263
0.0580 0.3343
0.0583 0.3359
0.0581 0.3356
0.0585 0.3272
0.0580 0.3363
0.0579 0.3449
0.0575 0.3403
0.0578 0.3374
0.0577 0.3401
0.0590 0.3233
0.0578 0.3352
0.0580 0.3273
0.0575 0.3416
0.0575 0.3414
0.0577 0.3413
0.0587 0.3310
0.0580 0.3400
0.0581 0.3392
0.0579 0.3346
0.0580 0.3272
0.0575 0.3386
0.0579 0.3296
0.0579 0.3363
0.0576 0.3382
0.0576 0.3386
0.0576 0.3384
0.0574 0.3404
0.0585 0.3264
0.0580 0.3315
0.0587 0.3287
0.0578 0.3407
0.0584 0.3387
0.0578 0.3343
0.0582 0.3326
0.0580 0.3289
0.0583 0.3330
0.0580 0.3347
0.0584 0.3295
0.0578 0.3387
0.0584 0.3267
0.0579 0.3321
0.0581 0.3298
0.0576 0.3410
0.0574 0.3431
0.0575 0.3400
0.0579 0.3398
0.0578 0.3384
0.0579 0.3356
0.0576 0.3377
0.0591 0.3180
0.0583 0.3308
0.0582 0.3303
0.0585 0.3258
0.0578 0.3323
0.0581 0.3318
0.0592 0.3208
0.0582 0.3321
0.0585 0.3320
0.0579 0.3353
0.0577 0.3408
0.0581 0.3345
0.0587 0.3263
0.0581 0.3344
0.0588 0.3170
0.0580 0.3363
0.0584 0.3362
0.0581 0.3321
0.0581 0.3284
0.0580 0.3305
0.0580 0.3269
0.0579 0.3302
0.0583 0.3259
0.0578 0.3344
0.0585 0.3238
0.0579 0.3381
0.0578 0.3384
0.0577 0.3399
0.0580 0.3376
0.0580 0.3316
0.0584 0.3287
0.0579 0.3356
0.0578 0.3394
0.0577 0.3354
0.0574 0.3416
0.0576 0.3404
0.0575 0.3377
0.0573 0.3406
0.0583 0.3288
0.0576 0.3378
0.0582 0.3350
0.0580 0.3346
0.0580 0.3235
0.0578 0.3352
0.0578 0.3327
0.0582 0.3310
0.0585 0.3260
0.0576 0.3388
0.0579 0.3400
0.0578 0.3367
0.0598 0.2951
0.0576 0.3366
0.0581 0.3292
0.0575 0.3364
0.0580 0.3366
0.0574 0.3388
0.0579 0.3299
0.0577 0.3332
0.0574 0.3348
0.0575 0.3344
0.0578 0.3308
0.0581 0.3255
0.0592 0.3155
0.0586 0.3217
0.0587 0.3287
0.0584 0.3262
0.0590 0.3239
0.0582 0.3279
0.0578 0.3322
0.0580 0.3318
0.0579 0.3397
0.0580 0.3354
0.0584 0.3365
0.0583 0.3323
0.0589 0.3269
0.0583 0.3313
0.0585 0.3346
0.0580 0.3385
0.0585 0.3336
0.0581 0.3324
0.0582 0.3323
0.0579 0.3342
0.0590 0.3172
0.0580 0.3335
0.0582 0.3218
0.0585 0.3287
0.0584 0.3288
0.0578 0.3366
0.0584 0.3248
0.0580 0.3342
0.0581 0.3293
0.0581 0.3286
0.0584 0.3200
0.0578 0.3371
0.0583 0.3252
0.0578 0.3318
0.0576 0.3320
0.0578 0.3354
0.0591 0.3277
0.0578 0.3340
0.0583 0.3324
0.0578 0.3348
0.0578 0.3408
0.0577 0.3370
0.0582 0.3345
0.0578 0.3318
0.0579 0.3363
0.0578 0.3358
0.0588 0.3115
