0.0726 0.1269
0.0706 0.1430
0.0703 0.1617
0.0700 0.1603
0.0694 0.1837
0.0690 0.1853
0.0687 0.1917
0.0686 0.1706
0.0680 0.1995
0.0683 0.2004
0.0675 0.2165
0.0671 0.2223
0.0669 0.2280
0.0676 0.2015
0.0665 0.2362
0.0663 0.2312
0.0660 0.2396
0.0657 0.2530
0.0654 0.2508
0.0653 0.2519
0.0652 0.2528
0.0652 0.2606
0.0648 0.2557
0.0650 0.2505
0.0645 0.2563
0.0653 0.2292
0.0644 0.2545
0.0637 0.2731
0.0638 0.2654
0.0638 0.2738
0.0635 0.2691
0.0635 0.2742
0.0635 0.2666
0.0632 0.2704
0.0631 0.2733
0.0630 0.2806
0.0630 0.2736
0.0637 0.2586
0.0628 0.2738
0.0628 0.2712
0.0625 0.2767
0.0625 0.2731
0.0626 0.2758
0.0621 0.2813
0.0623 0.2768
0.0621 0.2719
0.0620 0.2793
0.0618 0.2844
0.0620 0.2830
0.0628 0.2609
0.0619 0.2848
0.0619 0.2858
0.0616 0.2827
0.0617 0.2844
0.0616 0.2857
0.0615 0.2855
0.0615 0.2904
0.0612 0.2940
0.0613 0.2955
0.0615 0.2935
0.0612 0.3007
0.0612 0.3004
0.0611 0.3015
0.0613 0.3002
0.0611 0.2965
0.0608 0.3015
0.0608 0.3049
0.0615 0.2902
0.0611 0.2977
0.0616 0.2839
0.0606 0.3039
0.0603 0.3156
0.0607 0.3025
0.0606 0.3011
0.0604 0.3071
0.0610 0.2991
0.0605 0.3050
0.0607 0.3073
0.0602 0.3123
0.0604 0.3104
0.0600 0.3111
0.0604 0.3015
0.0604 0.3064
0.0608 0.3015
0.0601 0.3103
0.0599 0.3099
0.0599 0.3083
0.0602 0.3108
0.0600 0.3108
0.0608 0.2978
0.0598 0.3128
0.0598 0.3091
0.0596 0.3196
0.0597 0.3176
0.0596 0.3192
0.0597 0.3201
0.0595 0.3220
0.0593 0.3222
0.0597 0.3149
0.0605 0.2892
0.0601 0.3057
0.0592 0.3223
0.0592 0.3223
0.0592 0.3251
0.0595 0.3174
0.0604 0.3025
0.0597 0.3093
0.0595 0.3138
0.0591 0.3238
0.0595 0.3131
0.0590 0.3255
0.0593 0.3170
0.0591 0.3212
0.0596 0.3047
0.0590 0.3252
0.0591 0.3179
0.0590 0.3239
0.0594 0.3087
0.0590 0.3228
0.0585 0.3354
0.0586 0.3293
0.0588 0.3260
0.0592 0.3223
0.0584 0.3348
0.0592 0.3231
0.0597 0.3108
0.0594 0.3204
0.0597 0.3153
0.0595 0.3192
0.0600 0.2983
0.0596 0.3174
0.0600 0.3145
0.0587 0.3302
0.0590 0.3243
0.0590 0.3226
0.0596 0.3064
0.0593 0.3115
0.0593 0.3203
0.0590 0.3200
0.0595 0.3227
0.0590 0.3211
0.0592 0.3181
0.0591 0.3273
0.0586 0.3364
0.0585 0.3309
0.0588 0.3260
0.0588 0.3274
0.0595 0.3144
0.0591 0.3220
0.0585 0.3317
0.0585 0.3296
0.0587 0.3243
0.0586 0.3299
0.0587 0.3284
0.0588 0.3251
0.0589 0.3192
0.0584 0.3291
0.0587 0.3161
0.0586 0.3262
0.0589 0.3176
0.0587 0.3206
0.0590 0.3152
0.0587 0.3294
0.0599 0.3140
0.0586 0.3256
0.0588 0.3249
0.0584 0.3324
0.0589 0.3261
0.0588 0.3250
0.0590 0.3215
0.0584 0.3348
0.0586 0.3414
0.0584 0.3303
0.0586 0.3252
0.0582 0.3333
0.0582 0.3387
0.0584 0.3325
0.0581 0.3386
0.0585 0.3347
0.0588 0.3270
0.0580 0.3378
0.0582 0.3338
0.0580 0.3400
0.0582 0.3404
0.0582 0.3319
0.0588 0.3254
0.0582 0.3367
0.0587 0.3289
0.0577 0.3434
0.0583 0.3416
0.0579 0.3379
0.0580 0.3359
0.0574 0.3435
0.0578 0.3373
0.0578 0.3411
0.0581 0.3369
0.0576 0.3436
0.0577 0.3431
0.0576 0.3423
0.0576 0.3461
0.0577 0.3423
0.0584 0.3309
0.0577 0.3414
0.0585 0.3225
0.0578 0.3376
0.0577 0.3438
0.0577 0.3379
0.0582 0.3383
0.0578 0.3396
0.0589 0.3294
0.0577 0.3411
0.0568 0.3532
0.0577 0.3395
0.0584 0.3390
0.0581 0.3321
0.0577 0.3367
0.0577 0.3417
0.0579 0.3353
0.0577 0.3394
0.0584 0.3224
0.0581 0.3350
0.0586 0.3341
0.0578 0.3406
0.0575 0.3415
0.0574 0.3416
0.0572 0.3509
0.0574 0.3459
0.0580 0.3367
0.0577 0.3379
0.0577 0.3405
0.0575 0.3387
0.0584 0.3255
0.0577 0.3407
0.0582 0.3259
0.0574 0.3418
0.0577 0.3367
0.0575 0.3440
0.0572 0.3456
0.0576 0.3367
0.0581 0.3260
0.0574 0.3404
0.0571 0.3531
0.0575 0.3420
0.0572 0.3542
0.0573 0.3420
0.0575 0.3428
0.0572 0.3490
0.0570 0.3506
0.0573 0.3431
0.0574 0.3364
0.0572 0.3415
0.0574 0.3454
0.0570 0.3444
0.0576 0.3270
0.0578 0.3359
0.0584 0.3210
0.0577 0.3373
0.0577 0.3423
0.0576 0.3410
0.0577 0.3413
0.0576 0.3361
0.0585 0.3260
0.0576 0.3398
0.0579 0.3428
0.0574 0.3427
0.0582 0.3330
0.0574 0.3425
0.0580 0.3283
0.0572 0.3405
0.0580 0.3305
0.0572 0.3406
0.0580 0.3337
0.0575 0.3386
0.0569 0.3438
0.0573 0.3381
0.0575 0.3438
0.0577 0.3359
0.0571 0.3465
0.0573 0.3391
0.0578 0.3362
0.0570 0.3459
0.0577 0.3354
0.0569 0.3482
0.0575 0.3361
0.0571 0.3391
0.0583 0.3271
0.0573 0.3385
0.0569 0.3513
0.0568 0.3473
0.0566 0.3581
0.0569 0.3482
0.0576 0.3369
0.0571 0.3436
0.0582 0.3241
0.0571 0.3412
0.0579 0.3283
0.0571 0.3405
0.0571 0.3413
0.0572 0.3417
0.0581 0.3251
0.0569 0.3437
0.0575 0.3342
0.0567 0.3498
0.0573 0.3438
0.0569 0.3461
0.0583 0.3313
0.0569 0.3448
0.0571 0.3397
0.0569 0.3466
0.0570 0.3447
0.0567 0.3495
0.0570 0.3443
0.0568 0.3483
0.0576 0.3343
0.0575 0.3403
0.0574 0.3389
0.0567 0.3506
0.0571 0.3396
0.0568 0.3484
0.0567 0.3535
0.0569 0.3400
0.0567 0.3474
0.0567 0.3478
0.0572 0.3407
0.0568 0.3488
0.0570 0.3391
0.0569 0.3486
0.0573 0.3374
0.0569 0.3494
0.0572 0.3453
0.0565 0.3556
0.0577 0.3390
0.0567 0.3518
0.0571 0.3484
0.0568 0.3520
0.0565 0.3518
0.0562 0.3589
0.0566 0.3438
0.0568 0.3471
0.0581 0.3274
0.0569 0.3471
0.0575 0.3351
0.0567 0.3525
0.0561 0.3553
0.0561 0.3554
0.0567 0.3513
0.0563 0.3546
0.0563 0.3533
0.0562 0.3547
0.0568 0.3480
0.0564 0.3562
0.0566 0.3510
0.0563 0.3570
0.0572 0.3340
0.0565 0.3507
0.0567 0.3515
0.0561 0.3575
0.0573 0.3432
0.0561 0.3556
0.0567 0.3574
0.0563 0.3545
0.0562 0.3573
0.0562 0.3565
0.0569 0.3478
0.0563 0.3550
0.0565 0.3575
0.0563 0.3590
0.0568 0.3464
0.0563 0.3543
0.0573 0.3438
0.0566 0.3496
0.0565 0.3571
0.0558 0.3632
0.0568 0.3472
0.0560 0.3577
0.0568 0.3430
0.0562 0.3565
0.0572 0.3461
0.0563 0.3556
0.0562 0.3661
0.0561 0.3616
0.0563 0.3590
0.0566 0.3510
0.0572 0.3391
0.0564 0.3558
0.0562 0.3521
0.0561 0.3579
0.0567 0.3513
0.0560 0.3604
0.0564 0.3552
0.0560 0.3571
0.0570 0.3449
0.0564 0.3531
0.0564 0.3523
0.0561 0.3534
0.0570 0.3397
0.0558 0.3580
0.0564 0.3509
0.0561 0.3564
0.0571 0.3466
