26.3849 0.2125
27.9599 0.1969
22.7432 0.2405
16.2824 0.2853
22.3958 0.2473
24.0553 0.2100
21.0443 0.2570
19.1703 0.2740
21.2125 0.2575
27.8807 0.2465
20.8571 0.2613
19.9119 0.3005
21.1685 0.2599
24.9243 0.2404
20.5744 0.2636
18.6124 0.2422
20.2447 0.2677
11.9312 0.3432
20.3095 0.2674
28.1530 0.2560
19.8507 0.2731
19.2787 0.2442
20.3709 0.2705
23.1401 0.2462
20.2032 0.2729
25.0445 0.2629
19.8405 0.2721
29.5558 0.2322
19.8278 0.2730
17.1470 0.3038
19.4836 0.2791
18.5292 0.2549
19.8069 0.2763
23.9814 0.2382
19.7028 0.2760
31.3749 0.2498
19.8450 0.2749
19.2476 0.2499
19.7855 0.2739
20.3139 0.2392
19.4982 0.2779
36.1168 0.1572
19.4265 0.2784
27.5721 0.2505
19.2001 0.2810
12.8468 0.2559
19.4647 0.2803
29.9917 0.1734
19.4860 0.2795
26.0516 0.2324
19.3080 0.2809
41.0678 0.1302
19.0187 0.2863
26.5792 0.1724
19.2367 0.2790
17.7569 0.2537
19.3315 0.2811
23.7641 0.2321
19.4548 0.2793
38.8611 0.1646
19.2961 0.2819
31.8309 0.2064
19.3940 0.2821
26.7383 0.2179
18.9441 0.2826
16.0873 0.2899
19.1955 0.2816
22.9736 0.2160
19.0331 0.2843
25.5035 0.2359
18.7984 0.2851
20.5365 0.2686
19.0494 0.2853
28.7265 0.2275
18.8408 0.2820
31.1659 0.1862
18.9828 0.2856
10.6033 0.3158
19.0853 0.2842
35.0181 0.1812
18.9580 0.2848
28.5888 0.2248
18.7698 0.2884
19.8896 0.3010
18.7057 0.2872
25.3679 0.2172
18.6302 0.2887
12.6408 0.3199
18.8800 0.2862
29.6616 0.1467
18.5558 0.2875
18.8214 0.2481
18.7014 0.2883
25.2768 0.2196
18.6820 0.2876
29.1057 0.2138
18.5166 0.2894
12.1339 0.3076
18.6430 0.2883
18.7069 0.2968
19.0597 0.2857
13.5129 0.2620
18.4998 0.2896
34.9975 0.2249
18.5599 0.2875
22.0470 0.2560
18.9185 0.2821
25.8251 0.2180
18.0782 0.2942
27.6735 0.2154
18.7601 0.2904
24.1203 0.2654
18.5264 0.2882
25.3635 0.2198
18.7200 0.2881
20.3598 0.2321
18.4139 0.2894
28.9770 0.2521
18.8467 0.2866
25.5175 0.2136
18.6500 0.2880
27.4010 0.2354
18.4682 0.2918
45.3517 0.1449
18.6471 0.2914
22.1244 0.2496
18.5270 0.2905
21.3493 0.2733
18.4424 0.2931
24.9416 0.2376
18.4102 0.2894
25.1828 0.2140
18.4856 0.2935
29.4816 0.2216
18.4955 0.2907
23.9106 0.2019
18.6924 0.2898
34.1176 0.3019
18.4151 0.2948
25.8919 0.2279
18.6637 0.2933
42.4618 0.1319
18.6541 0.2919
30.0064 0.2327
18.7237 0.2889
17.0383 0.2806
18.2548 0.2920
24.0227 0.2558
18.1637 0.2933
34.1026 0.1544
18.2155 0.2914
15.6485 0.3091
18.4595 0.2908
32.0270 0.2121
18.3121 0.2924
20.8702 0.2888
18.2323 0.2961
20.9700 0.2290
18.4366 0.2918
28.8112 0.2475
18.2777 0.2953
30.4064 0.1805
18.5179 0.2912
18.5602 0.2806
18.0632 0.2966
18.4436 0.2240
18.1153 0.2948
15.9532 0.2786
18.5837 0.2914
17.5016 0.2845
18.1578 0.2981
28.2542 0.2257
18.2990 0.2936
20.0787 0.2463
18.4158 0.2919
21.9676 0.2988
18.4923 0.2937
25.8442 0.2020
18.3217 0.2935
27.8397 0.2441
18.1112 0.2955
24.0959 0.2571
18.0023 0.2953
28.9781 0.2505
18.5449 0.2935
22.7244 0.2369
17.9171 0.2974
19.3838 0.2980
18.1953 0.2959
20.6536 0.2518
18.3257 0.2957
14.7260 0.2926
18.0871 0.2981
16.9549 0.2562
18.0078 0.2972
28.3933 0.2263
17.9235 0.3012
19.0082 0.2400
18.5547 0.2908
25.7238 0.2116
18.4467 0.2937
20.8865 0.2595
18.3207 0.2938
19.3021 0.2423
18.1797 0.2962
16.1031 0.2648
17.9883 0.2960
17.9760 0.2442
17.7400 0.2991
19.1229 0.2992
17.9714 0.2991
12.9290 0.2812
18.2250 0.2972
27.4139 0.2542
18.1343 0.2958
15.5180 0.2709
18.3181 0.2949
26.0510 0.2011
18.1282 0.2976
19.8697 0.2702
18.1969 0.2961
26.3181 0.2354
17.9226 0.2975
15.9841 0.2771
18.0856 0.2981
26.6814 0.2585
18.0967 0.2928
15.7564 0.3034
17.7760 0.2993
23.4419 0.2211
17.8339 0.2975
20.6704 0.2710
18.0596 0.2963
18.6563 0.2406
18.5307 0.2955
18.3371 0.2416
17.9769 0.2988
25.7174 0.2684
18.3108 0.2932
15.2394 0.2928
18.1588 0.2946
31.2894 0.1983
17.8587 0.2990
18.6532 0.2588
18.1796 0.2991
23.3894 0.2310
18.0411 0.2981
12.0001 0.3000
17.8498 0.3020
19.2484 0.2500
17.7619 0.2992
18.0087 0.2376
18.0802 0.2973
27.6194 0.2272
18.4313 0.2964
19.4894 0.2555
18.0981 0.2984
26.5975 0.2238
18.1002 0.2970
42.5918 0.1375
18.0168 0.2965
28.3921 0.2406
17.9556 0.2980
41.9338 0.1395
17.9067 0.2986
16.3891 0.2833
18.0001 0.2992
33.1269 0.1642
18.1322 0.2956
27.9539 0.1991
17.9432 0.2982
18.5722 0.2550
17.7643 0.3001
22.6133 0.2560
17.6515 0.3021
17.8839 0.2586
18.2901 0.2956
19.0420 0.2549
18.1919 0.2957
15.6334 0.2698
17.9102 0.2983
16.3393 0.2599
17.7866 0.2991
22.2360 0.2402
17.7829 0.2998
22.8575 0.3020
18.0223 0.3004
26.1504 0.2227
17.9985 0.2988
43.6022 0.1586
17.9960 0.2992
29.1018 0.2176
18.0750 0.3006
24.9264 0.2058
18.0032 0.2977
18.5311 0.2752
18.0679 0.3019
16.6785 0.2650
17.8743 0.3008
18.6094 0.2957
17.8168 0.3013
29.2478 0.1975
17.8808 0.2980
14.0463 0.2942
17.2267 0.3050
16.5083 0.2352
17.7859 0.3021
14.2752 0.3108
18.0914 0.2960
14.6047 0.3252
18.0368 0.3004
19.0887 0.2593
17.8276 0.3007
27.7145 0.2443
17.9088 0.2990
17.1943 0.2854
17.8234 0.2993
18.9085 0.2592
18.0303 0.2994
31.0866 0.2749
17.6825 0.3025
28.4217 0.2739
17.8413 0.3008
19.4913 0.2488
17.6874 0.3022
33.5401 0.2028
17.8121 0.3019
25.9255 0.2490
18.0269 0.3018
31.0656 0.1723
17.6015 0.3053
21.2224 0.2284
17.8486 0.3012
19.4445 0.2112
17.8906 0.2988
37.2705 0.2058
17.7476 0.3023
29.4979 0.2241
17.4297 0.3030
24.3227 0.2366
17.3250 0.3050
21.4141 0.2644
17.5833 0.3009
25.1835 0.1946
17.7801 0.3022
18.8743 0.2890
17.3558 0.3070
26.1592 0.2009
17.6528 0.3032
27.4083 0.2140
17.4090 0.3053
22.0674 0.2076
17.7079 0.3012
16.6042 0.2619
17.7442 0.2980
49.1663 0.1074
17.6777 0.3047
19.1352 0.2775
17.7722 0.3006
27.3795 0.2039
17.8723 0.2994
27.9608 0.2466
17.8696 0.3014
16.9874 0.2972
18.0020 0.3016
22.5467 0.2543
17.2138 0.3069
17.8314 0.3276
17.9340 0.2999
13.9363 0.2698
17.4874 0.3025
23.2561 0.2680
17.6563 0.3053
37.2048 0.2044
17.8391 0.3026
27.6664 0.2133
17.9883 0.2971
27.8481 0.2733
17.8640 0.3010
19.1526 0.2514
17.6900 0.3016
21.7949 0.2662
17.5576 0.3040
26.3570 0.2298
17.4915 0.3015
23.6731 0.2516
17.4727 0.3061
12.6206 0.3097
17.9342 0.2984
19.0084 0.2524
17.5969 0.3037
17.7928 0.2893
17.3102 0.3020
14.7391 0.2865
17.8448 0.3018
15.1685 0.2707
17.6358 0.3015
27.3304 0.1717
17.7048 0.2991
25.4918 0.2360
