2.4070 0.2139
1.3817 0.2696
2.1926 0.2453
2.5619 0.1602
2.1318 0.2481
2.7983 0.2391
2.0829 0.2549
2.0596 0.2672
2.0486 0.2596
3.0470 0.2293
2.0755 0.2607
2.4472 0.2386
2.0458 0.2666
2.3943 0.2631
2.0161 0.2648
1.2827 0.2773
2.0085 0.2688
2.5872 0.1786
1.9815 0.2689
2.9981 0.2606
1.9931 0.2743
2.3579 0.2311
1.9725 0.2734
1.7207 0.2564
1.9814 0.2730
2.1579 0.2671
1.9559 0.2754
1.4498 0.2495
1.9670 0.2705
2.5149 0.2790
1.9620 0.2768
3.5721 0.1897
1.9710 0.2763
2.9959 0.1759
1.9472 0.2759
2.7541 0.2238
1.9354 0.2790
2.3842 0.2423
1.9363 0.2805
2.4180 0.1991
1.9407 0.2778
1.6406 0.2773
1.9339 0.2798
1.9134 0.2720
1.9270 0.2786
2.2270 0.2598
1.9010 0.2814
1.8352 0.2488
1.9506 0.2744
3.5807 0.2085
1.8861 0.2853
2.1737 0.2323
1.9335 0.2804
3.0710 0.1619
1.8744 0.2836
1.8864 0.2410
1.9271 0.2815
1.4838 0.2763
1.9108 0.2833
6.1021 0.1077
1.9319 0.2793
0.9917 0.3270
1.8865 0.2864
2.2298 0.2508
1.8821 0.2840
3.6308 0.2128
1.9161 0.2838
1.6774 0.2774
1.8857 0.2845
3.4330 0.1692
1.9281 0.2817
1.7016 0.2698
1.8580 0.2888
1.1813 0.2894
1.8732 0.2828
1.7381 0.2538
1.9092 0.2839
2.0183 0.2918
1.8984 0.2834
4.4725 0.1675
1.8801 0.2878
3.2879 0.2343
1.8814 0.2868
2.8085 0.2216
1.8712 0.2867
1.8830 0.2520
1.8790 0.2861
2.3201 0.2003
1.8480 0.2866
1.7872 0.2918
1.8392 0.2895
4.7768 0.1461
1.8718 0.2872
2.2464 0.2406
1.8549 0.2912
2.2962 0.2754
1.8533 0.2888
2.0183 0.2366
1.8573 0.2908
3.4787 0.2569
1.8641 0.2912
1.4009 0.3105
1.8746 0.2885
1.4927 0.2734
1.8573 0.2897
2.0166 0.2266
1.8505 0.2900
2.7095 0.2247
1.8561 0.2884
1.7213 0.2887
1.8747 0.2903
2.6582 0.2652
1.8616 0.2889
2.5741 0.2461
1.8773 0.2871
2.4997 0.2363
1.8789 0.2909
2.1420 0.2299
1.8506 0.2871
3.3145 0.2195
1.8450 0.2895
1.5418 0.2887
1.8327 0.2916
1.8159 0.2570
1.8706 0.2864
2.2986 0.2726
1.8292 0.2924
2.1134 0.2661
1.8211 0.2937
1.8185 0.2551
1.8601 0.2909
2.2437 0.2279
1.8545 0.2897
1.9091 0.2541
1.8294 0.2948
1.2628 0.2887
1.8129 0.2920
1.4750 0.2765
1.8111 0.2955
1.5542 0.2995
1.8454 0.2925
2.2043 0.2363
1.8555 0.2907
3.1207 0.2252
1.8177 0.2927
2.2844 0.2423
1.8012 0.2948
1.9331 0.2609
1.8116 0.2948
2.2101 0.2663
1.8573 0.2896
1.9919 0.2573
1.8172 0.2959
2.3511 0.1774
1.8404 0.2938
4.1907 0.1656
1.7975 0.2942
2.1908 0.2017
1.8316 0.2932
2.2792 0.2393
1.7981 0.2945
3.0489 0.2381
1.8408 0.2920
1.9709 0.2664
1.8338 0.2909
2.3154 0.2516
1.8284 0.2940
1.6988 0.2608
1.8445 0.2933
2.7445 0.2382
1.8281 0.2913
1.9026 0.2718
1.7973 0.2930
1.6748 0.3407
1.8240 0.2921
1.7495 0.2874
1.8472 0.2924
2.0071 0.2888
1.8267 0.2923
2.8171 0.2586
1.8198 0.2954
2.5733 0.2644
1.7963 0.2976
3.7281 0.1699
1.8130 0.2946
2.7334 0.2051
1.8100 0.2974
1.8487 0.2550
1.7884 0.2963
1.6124 0.2749
1.8151 0.2937
2.1633 0.2677
1.8251 0.2971
3.1678 0.2166
1.8130 0.2966
1.8698 0.3072
1.7881 0.2949
3.5588 0.1459
1.8278 0.2944
2.8520 0.1972
1.8559 0.2929
2.4755 0.2788
1.8096 0.2955
1.7936 0.3253
1.8207 0.2941
2.2803 0.2111
1.7873 0.2979
2.4344 0.2271
1.7888 0.2961
2.7195 0.2558
1.8038 0.2985
2.2692 0.2206
1.8063 0.2971
1.9300 0.2613
1.8008 0.2989
2.3458 0.2910
1.8059 0.2974
1.9201 0.2664
1.8124 0.2964
2.2133 0.2484
1.8088 0.2966
1.7714 0.2694
1.8043 0.2976
2.7016 0.2991
1.8145 0.2954
1.9795 0.2665
1.8105 0.2973
2.0728 0.2434
1.8199 0.2962
2.0859 0.2703
1.7880 0.2995
1.8287 0.2888
1.7767 0.2985
1.5688 0.2883
1.8109 0.2993
2.5670 0.2619
1.8138 0.2969
1.9613 0.2852
1.7714 0.3005
2.4121 0.1804
1.7837 0.3003
2.1318 0.2750
1.7938 0.2962
2.3369 0.2585
1.7873 0.2986
1.8497 0.2770
1.8020 0.2974
1.1303 0.3025
1.8025 0.2975
1.9628 0.2219
1.8032 0.2983
1.9401 0.2691
1.7755 0.2974
1.7776 0.2813
1.8083 0.2956
1.2355 0.2752
1.7666 0.3015
2.1585 0.2279
1.7965 0.2990
1.9567 0.2206
1.8103 0.2984
2.8144 0.2344
1.7649 0.2978
1.3639 0.3209
1.8046 0.2964
1.6688 0.3052
1.7567 0.2967
3.0529 0.1538
1.7907 0.3018
2.4986 0.2835
1.8056 0.2999
3.3543 0.1859
1.7923 0.2988
1.8946 0.3006
1.7606 0.3029
2.6106 0.2270
1.7831 0.3003
2.5070 0.1924
1.7828 0.2984
1.4617 0.2631
1.7811 0.2993
2.6247 0.2424
1.7971 0.2973
2.1254 0.2915
1.7866 0.3005
2.6976 0.1908
1.7936 0.2999
1.7923 0.2387
1.7771 0.2974
1.9126 0.2573
1.7571 0.2999
1.7651 0.2541
1.7639 0.2995
1.7939 0.2441
1.7726 0.2993
2.4519 0.2163
1.7864 0.3000
2.0982 0.2634
1.7725 0.3004
2.0379 0.2461
1.7548 0.3009
3.1537 0.2162
1.7716 0.3012
2.2415 0.2458
1.7817 0.2980
1.3130 0.3098
1.7504 0.3020
3.0128 0.2171
1.7925 0.2997
1.6365 0.2892
1.7604 0.3042
1.4792 0.2662
1.7790 0.2997
1.8187 0.2798
1.7644 0.3001
2.8693 0.2413
1.7888 0.3002
3.1486 0.2319
1.8108 0.2987
1.5395 0.2922
1.7988 0.2991
2.1954 0.2394
1.7696 0.2997
2.8199 0.2252
1.7753 0.3012
2.1579 0.2769
1.7795 0.3012
1.3000 0.2999
1.7795 0.3024
1.8411 0.2630
1.7652 0.3023
1.4375 0.2764
1.7199 0.3049
3.2261 0.1512
1.7526 0.3001
1.7369 0.2510
1.7665 0.3012
2.0539 0.2663
1.7886 0.3013
3.0277 0.2037
1.7612 0.3009
2.9399 0.2188
1.7594 0.3044
2.1955 0.2347
1.7470 0.3022
3.3346 0.1683
1.7676 0.3019
1.5022 0.2690
1.7596 0.3015
2.1820 0.2594
1.7727 0.3064
2.4242 0.2062
1.7436 0.3039
2.9992 0.2217
1.7616 0.3047
2.6641 0.2068
1.7520 0.3045
2.2605 0.2484
1.7722 0.3044
1.4385 0.2749
1.7765 0.2994
2.2216 0.2716
1.7419 0.3071
2.8205 0.2323
1.7536 0.3017
1.6285 0.2592
1.7572 0.3033
2.7461 0.2596
1.7555 0.3050
1.9951 0.2883
1.7493 0.3040
1.8610 0.3127
1.7397 0.3037
3.2155 0.1845
1.7727 0.3014
2.4107 0.2380
1.7453 0.3009
2.6052 0.2421
1.7662 0.3037
2.2658 0.2716
1.7603 0.3030
2.1734 0.2809
1.7582 0.3032
1.2688 0.3029
1.7509 0.3055
1.2074 0.3045
1.7582 0.3027
3.2966 0.1560
1.7389 0.3059
2.0691 0.2570
1.7685 0.3010
1.5625 0.2587
1.7618 0.3011
2.4425 0.2532
1.7559 0.3046
2.1500 0.2570
1.7562 0.3056
1.9312 0.2449
1.7877 0.3017
3.8437 0.1371
