0.0678 0.2140
0.0611 0.2836
0.0586 0.3265
0.0567 0.3443
0.0553 0.3652
0.0542 0.3794
0.0533 0.3884
0.0527 0.4006
0.0518 0.4052
0.0513 0.4118
0.0506 0.4210
0.0503 0.4240
0.0496 0.4302
0.0495 0.4299
0.0488 0.4407
0.0488 0.4399
0.0481 0.4502
0.0483 0.4420
0.0475 0.4559
0.0479 0.4499
0.0470 0.4617
0.0473 0.4555
0.0465 0.4691
0.0469 0.4590
0.0460 0.4748
0.0466 0.4604
0.0456 0.4805
0.0463 0.4623
0.0453 0.4861
0.0459 0.4707
0.0449 0.4900
0.0458 0.4729
0.0446 0.4941
0.0453 0.4751
0.0442 0.4984
0.0451 0.4769
0.0440 0.5016
0.0449 0.4805
0.0437 0.5056
0.0445 0.4847
0.0434 0.5092
0.0443 0.4869
0.0431 0.5108
0.0440 0.4941
0.0429 0.5165
0.0439 0.4935
0.0426 0.5185
0.0441 0.4914
0.0423 0.5215
0.0435 0.4956
0.0421 0.5245
0.0432 0.4998
0.0419 0.5270
0.0431 0.5036
0.0416 0.5307
0.0430 0.5045
0.0414 0.5320
0.0427 0.5111
0.0412 0.5354
0.0426 0.5114
0.0410 0.5368
0.0424 0.5139
0.0408 0.5389
0.0422 0.5166
0.0406 0.5424
0.0421 0.5126
0.0405 0.5437
0.0420 0.5176
0.0403 0.5458
0.0418 0.5195
0.0401 0.5482
0.0419 0.5201
0.0399 0.5498
0.0417 0.5260
0.0397 0.5518
0.0415 0.5254
0.0396 0.5556
0.0413 0.5267
0.0394 0.5556
0.0412 0.5266
0.0392 0.5592
0.0413 0.5278
0.0391 0.5599
0.0411 0.5292
0.0389 0.5625
0.0413 0.5290
0.0388 0.5646
0.0409 0.5307
0.0386 0.5654
0.0410 0.5291
0.0385 0.5686
0.0405 0.5335
0.0383 0.5706
0.0407 0.5349
0.0382 0.5711
0.0404 0.5328
0.0380 0.5734
0.0402 0.5368
0.0379 0.5744
0.0401 0.5365
0.0378 0.5766
0.0402 0.5381
0.0376 0.5769
0.0400 0.5423
0.0375 0.5779
0.0401 0.5415
0.0374 0.5803
0.0399 0.5424
0.0373 0.5818
0.0397 0.5453
0.0371 0.5838
0.0397 0.5423
0.0370 0.5856
0.0395 0.5461
0.0369 0.5860
0.0397 0.5446
0.0368 0.5874
0.0394 0.5493
0.0366 0.5891
0.0393 0.5501
0.0365 0.5906
0.0395 0.5476
0.0364 0.5925
0.0393 0.5503
0.0363 0.5932
0.0393 0.5514
0.0362 0.5943
0.0393 0.5492
0.0361 0.5953
0.0390 0.5556
0.0359 0.5980
0.0391 0.5531
0.0358 0.5975
0.0388 0.5555
0.0357 0.5990
0.0389 0.5547
0.0356 0.6016
0.0389 0.5553
0.0355 0.6020
0.0388 0.5579
0.0354 0.6038
0.0388 0.5582
0.0353 0.6065
0.0390 0.5529
0.0352 0.6058
0.0387 0.5645
0.0351 0.6074
0.0384 0.5613
0.0350 0.6084
0.0386 0.5617
0.0349 0.6096
0.0383 0.5642
0.0348 0.6108
0.0383 0.5610
0.0346 0.6120
0.0381 0.5642
0.0346 0.6123
0.0382 0.5647
0.0345 0.6145
0.0383 0.5629
0.0344 0.6171
0.0385 0.5613
0.0343 0.6171
0.0382 0.5657
0.0342 0.6183
0.0380 0.5669
0.0341 0.6184
0.0382 0.5683
0.0340 0.6188
0.0378 0.5668
0.0339 0.6218
0.0379 0.5699
0.0338 0.6224
0.0378 0.5698
0.0337 0.6220
0.0379 0.5702
0.0336 0.6254
0.0379 0.5703
0.0335 0.6262
0.0378 0.5685
0.0334 0.6272
0.0378 0.5702
0.0333 0.6278
0.0380 0.5712
0.0332 0.6305
0.0378 0.5696
0.0331 0.6320
0.0375 0.5756
0.0331 0.6320
0.0373 0.5773
0.0330 0.6317
0.0376 0.5725
0.0329 0.6338
0.0378 0.5746
0.0328 0.6358
0.0375 0.5765
0.0327 0.6365
0.0374 0.5756
0.0326 0.6370
0.0373 0.5757
0.0325 0.6364
0.0374 0.5785
0.0325 0.6386
0.0374 0.5769
0.0324 0.6397
0.0371 0.5802
0.0323 0.6407
0.0371 0.5790
0.0322 0.6416
0.0371 0.5794
0.0321 0.6429
0.0371 0.5801
0.0320 0.6442
0.0369 0.5809
0.0320 0.6443
0.0378 0.5748
0.0319 0.6459
0.0371 0.5832
0.0318 0.6469
0.0370 0.5789
0.0317 0.6475
0.0371 0.5819
0.0317 0.6487
0.0372 0.5831
0.0316 0.6505
0.0368 0.5847
0.0315 0.6478
0.0369 0.5819
0.0314 0.6510
0.0369 0.5848
0.0313 0.6521
0.0368 0.5867
0.0313 0.6530
0.0368 0.5863
0.0312 0.6534
0.0368 0.5868
0.0311 0.6548
0.0367 0.5868
0.0310 0.6555
0.0368 0.5876
0.0310 0.6576
0.0368 0.5884
0.0309 0.6570
0.0367 0.5903
0.0308 0.6591
0.0369 0.5867
0.0307 0.6603
0.0368 0.5866
0.0306 0.6599
0.0369 0.5889
0.0306 0.6615
0.0366 0.5908
0.0305 0.6617
0.0367 0.5915
0.0304 0.6635
0.0371 0.5859
0.0304 0.6627
0.0370 0.5885
0.0303 0.6634
0.0366 0.5886
0.0302 0.6648
0.0366 0.5917
0.0302 0.6638
0.0368 0.5879
0.0301 0.6668
0.0365 0.5923
0.0300 0.6682
0.0368 0.5870
0.0299 0.6683
0.0363 0.5923
0.0299 0.6693
0.0368 0.5935
0.0298 0.6711
0.0366 0.5937
0.0298 0.6689
0.0364 0.5916
0.0297 0.6702
0.0365 0.5939
0.0296 0.6715
0.0365 0.5944
0.0296 0.6724
0.0365 0.5952
0.0295 0.6739
0.0364 0.5957
0.0295 0.6729
0.0370 0.5876
0.0294 0.6739
0.0364 0.5955
0.0293 0.6749
0.0366 0.5945
0.0292 0.6762
0.0365 0.5922
0.0292 0.6764
0.0365 0.5942
0.0291 0.6787
0.0365 0.5938
0.0291 0.6786
0.0364 0.5967
0.0290 0.6782
0.0364 0.5943
0.0289 0.6794
0.0364 0.5963
0.0289 0.6785
0.0364 0.5970
0.0288 0.6817
0.0365 0.5973
0.0288 0.6811
0.0366 0.5959
0.0287 0.6830
0.0362 0.5981
0.0286 0.6825
0.0366 0.5962
0.0286 0.6831
0.0362 0.6026
0.0285 0.6824
0.0362 0.6021
0.0285 0.6839
0.0364 0.5959
0.0284 0.6857
0.0363 0.5982
0.0283 0.6851
0.0362 0.5969
0.0283 0.6878
0.0363 0.6033
0.0282 0.6874
0.0361 0.6038
0.0282 0.6872
0.0364 0.5992
0.0281 0.6886
0.0365 0.5995
0.0281 0.6890
0.0364 0.6017
0.0280 0.6897
0.0365 0.6001
0.0279 0.6908
0.0365 0.6006
0.0279 0.6908
0.0363 0.6009
0.0278 0.6931
0.0362 0.6036
0.0278 0.6930
0.0364 0.6016
0.0277 0.6936
0.0362 0.6034
0.0277 0.6940
0.0362 0.6009
0.0276 0.6953
0.0365 0.5998
0.0276 0.6948
0.0363 0.5994
0.0275 0.6946
0.0362 0.6045
0.0275 0.6964
0.0363 0.6038
0.0274 0.6964
0.0363 0.6027
0.0274 0.6978
0.0364 0.5988
0.0273 0.6976
0.0364 0.6020
0.0272 0.6983
0.0367 0.6014
0.0272 0.6981
0.0361 0.6062
0.0272 0.6988
0.0365 0.5990
0.0271 0.7015
0.0363 0.6036
0.0271 0.7013
0.0363 0.6066
0.0270 0.7012
0.0364 0.6001
0.0270 0.7024
0.0363 0.6056
0.0269 0.7024
0.0362 0.6041
0.0268 0.7025
0.0362 0.6059
0.0268 0.7029
0.0362 0.6062
0.0267 0.7059
0.0364 0.6046
0.0267 0.7064
0.0366 0.6020
0.0267 0.7053
0.0364 0.6044
0.0266 0.7061
0.0364 0.6039
0.0266 0.7066
0.0363 0.6077
0.0265 0.7071
0.0365 0.6043
0.0265 0.7068
0.0364 0.6025
0.0264 0.7068
0.0364 0.6040
0.0264 0.7084
0.0364 0.6061
0.0263 0.7098
0.0367 0.6025
