0.0555 0.3535
0.0479 0.4480
0.0458 0.4786
0.0441 0.4961
0.0424 0.5189
0.0421 0.5256
0.0401 0.5437
0.0404 0.5397
0.0383 0.5665
0.0412 0.5405
0.0370 0.5832
0.0392 0.5624
0.0357 0.5972
0.0389 0.5669
0.0346 0.6092
0.0379 0.5804
0.0337 0.6205
0.0373 0.5813
0.0327 0.6308
0.0374 0.5854
0.0318 0.6413
0.0365 0.5931
0.0310 0.6525
0.0364 0.5959
0.0303 0.6583
0.0370 0.5871
0.0295 0.6670
0.0367 0.5974
0.0287 0.6757
0.0372 0.5985
0.0281 0.6830
0.0363 0.6105
0.0273 0.6918
0.0373 0.6031
0.0267 0.6998
0.0368 0.6064
0.0261 0.7073
0.0362 0.6129
0.0254 0.7146
0.0375 0.6060
0.0249 0.7208
0.0369 0.6065
0.0243 0.7265
0.0378 0.6081
0.0238 0.7317
0.0374 0.6140
0.0232 0.7382
0.0378 0.6130
0.0227 0.7440
0.0383 0.6096
0.0222 0.7503
0.0381 0.6101
0.0217 0.7567
0.0390 0.6150
0.0212 0.7597
0.0396 0.6099
0.0207 0.7669
0.0395 0.6126
0.0203 0.7697
0.0404 0.6017
0.0199 0.7761
0.0405 0.6109
0.0195 0.7803
0.0409 0.6093
0.0190 0.7865
0.0418 0.6036
0.0186 0.7899
0.0426 0.6035
0.0182 0.7964
0.0423 0.6068
0.0178 0.8020
0.0439 0.6010
0.0174 0.8039
0.0440 0.6035
0.0170 0.8084
0.0449 0.6017
0.0167 0.8122
0.0456 0.6028
0.0163 0.8172
0.0460 0.6027
0.0159 0.8215
0.0478 0.5922
0.0157 0.8244
0.0475 0.6008
0.0154 0.8267
0.0475 0.6025
0.0150 0.8321
0.0485 0.6011
0.0146 0.8346
0.0496 0.5957
0.0143 0.8395
0.0501 0.6009
0.0140 0.8408
0.0517 0.5897
0.0137 0.8445
0.0517 0.5929
0.0133 0.8500
0.0529 0.5904
0.0132 0.8505
0.0536 0.5933
0.0128 0.8571
0.0543 0.5886
0.0124 0.8607
0.0557 0.5846
0.0122 0.8620
0.0572 0.5878
0.0119 0.8639
0.0574 0.5879
0.0117 0.8692
0.0582 0.5920
0.0114 0.8739
0.0589 0.5856
0.0112 0.8744
0.0598 0.5874
0.0110 0.8749
0.0611 0.5872
0.0107 0.8807
0.0618 0.5814
0.0104 0.8847
0.0652 0.5813
0.0102 0.8851
0.0644 0.5814
0.0100 0.8895
0.0664 0.5799
0.0096 0.8929
0.0658 0.5778
0.0095 0.8939
0.0672 0.5804
0.0092 0.8968
0.0686 0.5807
0.0091 0.8989
0.0706 0.5776
0.0087 0.9025
0.0718 0.5794
0.0086 0.9041
0.0728 0.5791
0.0084 0.9058
0.0738 0.5809
0.0082 0.9081
0.0752 0.5775
0.0080 0.9111
0.0763 0.5741
0.0077 0.9140
0.0768 0.5748
0.0077 0.9138
0.0830 0.5655
0.0075 0.9158
0.0808 0.5737
0.0072 0.9191
0.0813 0.5757
0.0072 0.9202
0.0832 0.5720
0.0068 0.9245
0.0839 0.5715
0.0068 0.9239
0.0844 0.5755
0.0066 0.9260
0.0863 0.5723
0.0064 0.9283
0.0886 0.5737
0.0063 0.9300
0.0902 0.5678
0.0062 0.9313
0.0912 0.5731
0.0059 0.9351
0.0934 0.5665
0.0059 0.9335
0.0945 0.5719
0.0058 0.9355
0.0957 0.5702
0.0056 0.9379
0.0963 0.5671
0.0054 0.9407
0.0983 0.5719
0.0054 0.9398
0.1009 0.5712
0.0053 0.9409
0.1000 0.5655
0.0051 0.9428
0.1009 0.5648
0.0051 0.9426
0.1029 0.5707
0.0050 0.9441
0.1049 0.5700
0.0049 0.9456
0.1049 0.5650
0.0047 0.9475
0.1077 0.5630
0.0047 0.9476
0.1110 0.5618
0.0045 0.9503
0.1141 0.5626
0.0046 0.9476
0.1100 0.5655
0.0044 0.9504
0.1143 0.5623
0.0043 0.9515
0.1158 0.5677
0.0041 0.9538
0.1154 0.5716
0.0043 0.9511
0.1162 0.5726
0.0043 0.9514
0.1183 0.5645
0.0039 0.9564
0.1182 0.5675
0.0039 0.9566
0.1207 0.5653
0.0039 0.9561
0.1210 0.5662
0.0040 0.9554
0.1220 0.5696
0.0037 0.9600
0.1238 0.5610
0.0038 0.9565
0.1238 0.5675
0.0035 0.9609
0.1259 0.5730
0.0035 0.9616
0.1302 0.5595
0.0037 0.9574
0.1284 0.5713
0.0036 0.9602
0.1298 0.5609
0.0033 0.9628
0.1325 0.5642
0.0033 0.9637
0.1330 0.5673
0.0036 0.9601
0.1348 0.5649
0.0033 0.9629
0.1376 0.5593
0.0032 0.9638
0.1373 0.5623
0.0035 0.9604
0.1377 0.5640
0.0030 0.9660
0.1414 0.5607
0.0031 0.9657
0.1390 0.5697
0.0033 0.9628
0.1412 0.5672
0.0031 0.9648
0.1423 0.5653
0.0031 0.9642
0.1448 0.5508
0.0031 0.9665
0.1446 0.5644
0.0031 0.9645
0.1434 0.5655
0.0028 0.9697
0.1465 0.5653
0.0029 0.9675
0.1491 0.5615
0.0029 0.9665
0.1491 0.5616
0.0030 0.9653
0.1483 0.5589
0.0030 0.9663
0.1508 0.5615
0.0026 0.9702
0.1504 0.5682
0.0029 0.9674
0.1520 0.5598
0.0028 0.9675
0.1546 0.5617
0.0026 0.9708
0.1530 0.5599
0.0029 0.9674
0.1553 0.5638
0.0028 0.9684
0.1544 0.5662
0.0027 0.9693
0.1607 0.5611
0.0026 0.9722
0.1578 0.5644
0.0028 0.9684
0.1578 0.5661
0.0022 0.9765
0.1610 0.5588
0.0029 0.9663
0.1615 0.5603
0.0026 0.9707
0.1608 0.5605
0.0026 0.9699
0.1660 0.5628
0.0025 0.9725
0.1622 0.5595
0.0024 0.9734
0.1647 0.5653
0.0028 0.9678
0.1662 0.5576
0.0024 0.9734
0.1642 0.5604
0.0025 0.9711
0.1660 0.5653
0.0026 0.9694
0.1734 0.5589
0.0021 0.9763
0.1699 0.5601
0.0027 0.9694
0.1719 0.5601
0.0023 0.9744
0.1738 0.5585
0.0025 0.9716
0.1728 0.5613
0.0024 0.9734
0.1691 0.5638
0.0023 0.9738
0.1703 0.5613
0.0026 0.9704
0.1734 0.5662
0.0023 0.9738
0.1730 0.5641
0.0023 0.9735
0.1740 0.5632
0.0024 0.9723
0.1753 0.5631
0.0022 0.9758
0.1748 0.5633
0.0023 0.9737
0.1770 0.5585
0.0022 0.9754
0.1767 0.5659
0.0025 0.9725
0.1774 0.5636
0.0023 0.9743
0.1770 0.5653
0.0024 0.9733
0.1819 0.5512
0.0022 0.9751
0.1782 0.5600
0.0022 0.9757
0.1813 0.5571
0.0023 0.9735
0.1812 0.5641
0.0025 0.9718
0.1816 0.5587
0.0021 0.9768
0.1828 0.5613
0.0021 0.9765
0.1847 0.5514
0.0024 0.9719
0.1831 0.5638
0.0020 0.9788
0.1892 0.5607
0.0024 0.9724
0.1863 0.5633
0.0020 0.9775
0.1839 0.5600
0.0024 0.9729
0.1868 0.5613
0.0023 0.9749
0.1845 0.5633
0.0020 0.9773
0.1891 0.5611
0.0020 0.9780
0.1881 0.5585
0.0022 0.9759
0.1907 0.5631
0.0023 0.9739
0.1912 0.5554
0.0020 0.9771
0.1901 0.5593
0.0022 0.9754
0.1916 0.5594
0.0018 0.9794
0.1917 0.5599
0.0020 0.9777
0.1922 0.5581
0.0021 0.9765
0.1911 0.5595
0.0022 0.9761
0.1952 0.5626
0.0020 0.9778
0.1962 0.5592
0.0023 0.9753
0.1948 0.5598
0.0018 0.9795
0.1948 0.5623
0.0020 0.9782
0.1968 0.5594
0.0024 0.9725
0.1987 0.5546
0.0015 0.9837
0.1978 0.5596
0.0022 0.9751
0.1989 0.5609
0.0021 0.9770
0.1987 0.5597
0.0019 0.9786
0.1991 0.5579
0.0019 0.9788
0.1976 0.5602
0.0020 0.9769
0.2035 0.5555
0.0021 0.9756
0.2016 0.5637
0.0019 0.9791
0.2026 0.5597
