0.0686 0.1937
0.0652 0.2388
0.0627 0.2738
0.0613 0.2906
0.0599 0.3078
0.0597 0.3179
0.0579 0.3334
0.0573 0.3393
0.0562 0.3533
0.0558 0.3607
0.0546 0.3714
0.0542 0.3787
0.0532 0.3890
0.0551 0.3734
0.0521 0.4018
0.0524 0.4001
0.0511 0.4108
0.0510 0.4108
0.0502 0.4227
0.0512 0.4063
0.0495 0.4325
0.0494 0.4336
0.0488 0.4393
0.0501 0.4280
0.0483 0.4453
0.0487 0.4391
0.0477 0.4512
0.0483 0.4468
0.0472 0.4575
0.0481 0.4496
0.0469 0.4622
0.0473 0.4585
0.0465 0.4674
0.0467 0.4624
0.0461 0.4707
0.0462 0.4688
0.0457 0.4751
0.0458 0.4740
0.0454 0.4795
0.0458 0.4745
0.0451 0.4831
0.0466 0.4646
0.0448 0.4871
0.0459 0.4730
0.0445 0.4905
0.0455 0.4812
0.0442 0.4964
0.0459 0.4761
0.0439 0.4978
0.0447 0.4859
0.0437 0.5008
0.0444 0.4905
0.0435 0.5027
0.0443 0.4951
0.0432 0.5076
0.0437 0.4955
0.0430 0.5103
0.0436 0.4976
0.0428 0.5127
0.0434 0.5001
0.0425 0.5163
0.0431 0.5038
0.0423 0.5181
0.0435 0.5002
0.0421 0.5211
0.0440 0.4966
0.0419 0.5237
0.0429 0.5132
0.0418 0.5270
0.0429 0.5102
0.0416 0.5263
0.0425 0.5141
0.0414 0.5298
0.0437 0.5072
0.0412 0.5329
0.0421 0.5224
0.0410 0.5363
0.0429 0.5097
0.0409 0.5376
0.0430 0.5115
0.0407 0.5393
0.0417 0.5239
0.0405 0.5416
0.0414 0.5257
0.0403 0.5433
0.0414 0.5277
0.0402 0.5451
0.0415 0.5281
0.0400 0.5490
0.0416 0.5267
0.0400 0.5491
0.0416 0.5249
0.0398 0.5495
0.0418 0.5226
0.0397 0.5525
0.0417 0.5252
0.0395 0.5541
0.0411 0.5349
0.0394 0.5565
0.0409 0.5342
0.0393 0.5580
0.0407 0.5386
0.0391 0.5595
0.0410 0.5336
0.0390 0.5615
0.0408 0.5348
0.0389 0.5619
0.0418 0.5308
0.0388 0.5634
0.0410 0.5396
0.0387 0.5648
0.0404 0.5438
0.0386 0.5661
0.0408 0.5371
0.0384 0.5685
0.0400 0.5452
0.0383 0.5709
0.0410 0.5344
0.0382 0.5701
0.0407 0.5384
0.0381 0.5695
0.0401 0.5463
0.0380 0.5721
0.0395 0.5547
0.0379 0.5730
0.0400 0.5489
0.0378 0.5749
0.0396 0.5543
0.0377 0.5769
0.0398 0.5485
0.0376 0.5793
0.0403 0.5417
0.0375 0.5789
0.0396 0.5505
0.0374 0.5799
0.0391 0.5591
0.0373 0.5806
0.0396 0.5532
0.0372 0.5817
0.0405 0.5516
0.0371 0.5840
0.0390 0.5619
0.0370 0.5854
0.0402 0.5484
0.0369 0.5863
0.0403 0.5509
0.0368 0.5872
0.0398 0.5496
0.0367 0.5877
0.0389 0.5643
0.0366 0.5878
0.0387 0.5641
0.0366 0.5884
0.0390 0.5612
0.0365 0.5899
0.0393 0.5603
0.0364 0.5916
0.0390 0.5578
0.0363 0.5920
0.0388 0.5663
0.0362 0.5940
0.0383 0.5684
0.0361 0.5948
0.0386 0.5646
0.0360 0.5962
0.0386 0.5665
0.0360 0.5976
0.0391 0.5602
0.0359 0.5949
0.0385 0.5692
0.0358 0.5976
0.0394 0.5601
0.0357 0.5989
0.0385 0.5653
0.0356 0.6011
0.0396 0.5543
0.0356 0.6020
0.0399 0.5502
0.0354 0.6027
0.0381 0.5686
0.0354 0.6030
0.0382 0.5697
0.0353 0.6037
0.0383 0.5693
0.0352 0.6049
0.0381 0.5690
0.0351 0.6065
0.0402 0.5550
0.0350 0.6075
0.0376 0.5770
0.0349 0.6095
0.0380 0.5706
0.0349 0.6078
0.0378 0.5738
0.0348 0.6107
0.0376 0.5752
0.0347 0.6118
0.0380 0.5721
0.0347 0.6115
0.0374 0.5775
0.0346 0.6143
0.0377 0.5730
0.0345 0.6137
0.0385 0.5701
0.0344 0.6139
0.0376 0.5766
0.0343 0.6155
0.0377 0.5763
0.0343 0.6164
0.0372 0.5795
0.0342 0.6187
0.0370 0.5792
0.0341 0.6179
0.0379 0.5711
0.0341 0.6187
0.0370 0.5803
0.0340 0.6199
0.0376 0.5769
0.0339 0.6222
0.0374 0.5798
0.0338 0.6211
0.0372 0.5801
0.0337 0.6222
0.0372 0.5831
0.0337 0.6236
0.0377 0.5759
0.0336 0.6260
0.0371 0.5791
0.0335 0.6255
0.0368 0.5840
0.0335 0.6257
0.0376 0.5790
0.0334 0.6269
0.0370 0.5823
0.0333 0.6262
0.0365 0.5850
0.0333 0.6287
0.0366 0.5861
0.0332 0.6286
0.0371 0.5851
0.0331 0.6271
0.0370 0.5858
0.0331 0.6298
0.0368 0.5835
0.0330 0.6326
0.0366 0.5899
0.0330 0.6310
0.0372 0.5829
0.0329 0.6318
0.0368 0.5875
0.0328 0.6322
0.0367 0.5888
0.0327 0.6349
0.0374 0.5801
0.0327 0.6341
0.0366 0.5865
0.0326 0.6361
0.0366 0.5886
0.0326 0.6357
0.0362 0.5914
0.0325 0.6377
0.0365 0.5858
0.0324 0.6373
0.0363 0.5919
0.0323 0.6395
0.0363 0.5907
0.0323 0.6407
0.0364 0.5924
0.0322 0.6412
0.0362 0.5950
0.0321 0.6408
0.0366 0.5930
0.0321 0.6421
0.0359 0.5962
0.0320 0.6430
0.0361 0.5921
0.0320 0.6435
0.0372 0.5849
0.0319 0.6427
0.0362 0.5998
0.0318 0.6454
0.0363 0.5952
0.0318 0.6446
0.0359 0.5956
0.0317 0.6464
0.0365 0.5912
0.0317 0.6461
0.0367 0.5877
0.0316 0.6483
0.0363 0.5924
0.0316 0.6470
0.0362 0.5950
0.0315 0.6485
0.0359 0.5941
0.0314 0.6493
0.0367 0.5945
0.0314 0.6501
0.0360 0.5962
0.0313 0.6512
0.0363 0.5940
0.0312 0.6514
0.0359 0.5966
0.0312 0.6509
0.0357 0.5981
0.0312 0.6526
0.0363 0.5961
0.0311 0.6539
0.0385 0.5758
0.0310 0.6544
0.0361 0.5958
0.0310 0.6549
0.0362 0.5983
0.0309 0.6555
0.0358 0.6005
0.0309 0.6540
0.0358 0.6021
0.0308 0.6564
0.0354 0.6032
0.0308 0.6570
0.0354 0.6047
0.0307 0.6570
0.0355 0.6030
0.0307 0.6585
0.0355 0.6024
0.0306 0.6576
0.0368 0.5879
0.0306 0.6591
0.0361 0.5979
0.0305 0.6592
0.0358 0.6035
0.0305 0.6610
0.0371 0.5873
0.0304 0.6590
0.0372 0.5883
0.0303 0.6603
0.0356 0.6009
0.0303 0.6615
0.0356 0.6058
0.0302 0.6619
0.0360 0.5984
0.0302 0.6629
0.0365 0.5918
0.0301 0.6635
0.0365 0.5974
0.0301 0.6644
0.0355 0.6057
0.0300 0.6650
0.0354 0.6056
0.0300 0.6653
0.0358 0.6061
0.0299 0.6678
0.0360 0.6000
0.0299 0.6678
0.0355 0.6068
0.0298 0.6684
0.0359 0.6028
0.0298 0.6673
0.0357 0.6040
0.0297 0.6690
0.0354 0.6088
0.0297 0.6687
0.0363 0.5996
0.0296 0.6707
0.0358 0.6031
0.0296 0.6716
0.0367 0.5945
0.0295 0.6709
0.0360 0.6020
0.0294 0.6707
0.0363 0.5960
0.0295 0.6719
0.0354 0.6085
0.0294 0.6729
0.0353 0.6070
0.0294 0.6724
0.0354 0.6070
0.0293 0.6732
0.0352 0.6094
0.0293 0.6737
0.0356 0.6071
0.0292 0.6741
0.0354 0.6055
0.0292 0.6750
0.0357 0.6057
0.0291 0.6748
0.0363 0.5961
0.0291 0.6756
0.0355 0.6107
0.0290 0.6767
0.0366 0.6001
0.0290 0.6757
0.0351 0.6089
0.0289 0.6784
0.0363 0.5990
0.0289 0.6774
0.0363 0.6015
0.0288 0.6792
0.0361 0.6054
0.0288 0.6802
0.0357 0.6092
