0.0654 0.2424
0.0602 0.2950
0.0573 0.3363
0.0559 0.3541
0.0542 0.3744
0.0535 0.3844
0.0520 0.3998
0.0518 0.3947
0.0504 0.4180
0.0511 0.4041
0.0490 0.4342
0.0488 0.4427
0.0480 0.4452
0.0475 0.4509
0.0472 0.4556
0.0472 0.4560
0.0465 0.4627
0.0463 0.4618
0.0459 0.4705
0.0466 0.4623
0.0454 0.4770
0.0466 0.4660
0.0449 0.4815
0.0454 0.4777
0.0444 0.4898
0.0448 0.4813
0.0440 0.4931
0.0442 0.4862
0.0436 0.4983
0.0437 0.4923
0.0431 0.5054
0.0440 0.4964
0.0428 0.5099
0.0432 0.5021
0.0424 0.5152
0.0426 0.5078
0.0420 0.5192
0.0429 0.5026
0.0416 0.5226
0.0425 0.5145
0.0413 0.5288
0.0438 0.5033
0.0410 0.5304
0.0415 0.5204
0.0406 0.5354
0.0458 0.4773
0.0403 0.5426
0.0418 0.5161
0.0400 0.5464
0.0426 0.5165
0.0397 0.5473
0.0409 0.5303
0.0395 0.5523
0.0404 0.5322
0.0391 0.5562
0.0414 0.5258
0.0389 0.5585
0.0429 0.5087
0.0386 0.5632
0.0405 0.5350
0.0384 0.5650
0.0400 0.5416
0.0381 0.5685
0.0396 0.5487
0.0379 0.5710
0.0391 0.5528
0.0377 0.5748
0.0392 0.5521
0.0374 0.5775
0.0396 0.5468
0.0373 0.5801
0.0393 0.5478
0.0370 0.5830
0.0385 0.5587
0.0369 0.5858
0.0390 0.5512
0.0366 0.5867
0.0390 0.5535
0.0364 0.5918
0.0377 0.5678
0.0362 0.5939
0.0379 0.5685
0.0360 0.5949
0.0381 0.5609
0.0358 0.5958
0.0374 0.5717
0.0357 0.5985
0.0381 0.5656
0.0355 0.6009
0.0372 0.5757
0.0353 0.6028
0.0375 0.5735
0.0351 0.6057
0.0389 0.5541
0.0350 0.6066
0.0374 0.5763
0.0348 0.6098
0.0397 0.5524
0.0346 0.6122
0.0367 0.5827
0.0345 0.6136
0.0403 0.5456
0.0344 0.6148
0.0369 0.5812
0.0342 0.6165
0.0367 0.5819
0.0340 0.6194
0.0366 0.5856
0.0339 0.6221
0.0359 0.5913
0.0337 0.6214
0.0359 0.5947
0.0336 0.6257
0.0363 0.5880
0.0334 0.6257
0.0370 0.5819
0.0333 0.6283
0.0360 0.5946
0.0332 0.6298
0.0357 0.5959
0.0330 0.6303
0.0354 0.6012
0.0329 0.6333
0.0357 0.5946
0.0328 0.6327
0.0359 0.5902
0.0327 0.6357
0.0357 0.5967
0.0326 0.6376
0.0361 0.5935
0.0324 0.6393
0.0358 0.5954
0.0323 0.6388
0.0360 0.5959
0.0322 0.6412
0.0351 0.6058
0.0320 0.6426
0.0371 0.5828
0.0319 0.6465
0.0349 0.6076
0.0319 0.6453
0.0348 0.6060
0.0317 0.6465
0.0354 0.5986
0.0316 0.6490
0.0349 0.6076
0.0314 0.6504
0.0347 0.6139
0.0314 0.6505
0.0354 0.5992
0.0312 0.6512
0.0349 0.6070
0.0311 0.6534
0.0347 0.6111
0.0310 0.6545
0.0357 0.6002
0.0309 0.6556
0.0342 0.6157
0.0308 0.6562
0.0348 0.6104
0.0307 0.6586
0.0350 0.6104
0.0306 0.6587
0.0342 0.6165
0.0305 0.6585
0.0356 0.6017
0.0304 0.6619
0.0346 0.6109
0.0303 0.6635
0.0348 0.6127
0.0302 0.6636
0.0344 0.6196
0.0300 0.6660
0.0354 0.6015
0.0299 0.6678
0.0339 0.6219
0.0298 0.6674
0.0338 0.6209
0.0297 0.6686
0.0336 0.6230
0.0296 0.6704
0.0338 0.6236
0.0295 0.6710
0.0338 0.6210
0.0294 0.6724
0.0358 0.5976
0.0294 0.6742
0.0332 0.6291
0.0293 0.6752
0.0351 0.6116
0.0291 0.6764
0.0337 0.6224
0.0291 0.6762
0.0336 0.6234
0.0290 0.6780
0.0334 0.6289
0.0288 0.6792
0.0334 0.6280
0.0288 0.6791
0.0341 0.6213
0.0287 0.6813
0.0333 0.6309
0.0286 0.6811
0.0344 0.6194
0.0285 0.6820
0.0332 0.6291
0.0284 0.6831
0.0333 0.6289
0.0283 0.6843
0.0341 0.6205
0.0282 0.6869
0.0341 0.6274
0.0281 0.6877
0.0333 0.6280
0.0281 0.6887
0.0332 0.6317
0.0280 0.6899
0.0332 0.6327
0.0279 0.6892
0.0333 0.6292
0.0278 0.6913
0.0328 0.6396
0.0277 0.6918
0.0333 0.6287
0.0276 0.6920
0.0340 0.6234
0.0275 0.6944
0.0330 0.6340
0.0275 0.6934
0.0333 0.6307
0.0273 0.6935
0.0333 0.6296
0.0273 0.6969
0.0329 0.6338
0.0272 0.6977
0.0330 0.6347
0.0271 0.6983
0.0335 0.6298
0.0270 0.6999
0.0328 0.6354
0.0269 0.6990
0.0329 0.6360
0.0268 0.7008
0.0332 0.6311
0.0268 0.7011
0.0331 0.6333
0.0267 0.7024
0.0329 0.6379
0.0265 0.7048
0.0328 0.6442
0.0265 0.7043
0.0338 0.6338
0.0264 0.7067
0.0325 0.6446
0.0264 0.7062
0.0325 0.6380
0.0262 0.7085
0.0330 0.6333
0.0262 0.7084
0.0335 0.6325
0.0261 0.7090
0.0334 0.6301
0.0261 0.7098
0.0330 0.6345
0.0259 0.7122
0.0338 0.6348
0.0259 0.7116
0.0338 0.6321
0.0258 0.7141
0.0329 0.6426
0.0257 0.7133
0.0334 0.6348
0.0256 0.7153
0.0330 0.6422
0.0256 0.7147
0.0330 0.6422
0.0255 0.7167
0.0331 0.6358
0.0254 0.7168
0.0328 0.6461
0.0254 0.7182
0.0330 0.6412
0.0252 0.7194
0.0337 0.6373
0.0252 0.7203
0.0337 0.6415
0.0251 0.7200
0.0335 0.6366
0.0250 0.7219
0.0333 0.6433
0.0250 0.7222
0.0329 0.6403
0.0249 0.7225
0.0335 0.6440
0.0248 0.7239
0.0373 0.6082
0.0247 0.7245
0.0332 0.6408
0.0246 0.7252
0.0332 0.6432
0.0246 0.7269
0.0334 0.6442
0.0245 0.7265
0.0328 0.6496
0.0244 0.7281
0.0336 0.6352
0.0243 0.7300
0.0342 0.6288
0.0242 0.7306
0.0330 0.6431
0.0242 0.7297
0.0332 0.6401
0.0241 0.7312
0.0332 0.6424
0.0240 0.7317
0.0326 0.6455
0.0240 0.7330
0.0337 0.6391
0.0239 0.7340
0.0341 0.6339
0.0238 0.7346
0.0332 0.6432
0.0238 0.7360
0.0341 0.6326
0.0237 0.7365
0.0333 0.6471
0.0237 0.7376
0.0330 0.6487
0.0235 0.7394
0.0339 0.6355
0.0235 0.7386
0.0333 0.6462
0.0234 0.7381
0.0330 0.6475
0.0234 0.7392
0.0340 0.6393
0.0233 0.7431
0.0333 0.6428
0.0232 0.7405
0.0355 0.6296
0.0231 0.7421
0.0335 0.6458
0.0231 0.7425
0.0364 0.6185
0.0230 0.7436
0.0330 0.6458
0.0229 0.7469
0.0343 0.6357
0.0228 0.7446
0.0328 0.6502
0.0228 0.7485
0.0337 0.6449
0.0227 0.7476
0.0330 0.6468
0.0226 0.7499
0.0336 0.6433
0.0226 0.7499
0.0348 0.6407
0.0225 0.7490
0.0343 0.6403
0.0225 0.7500
0.0331 0.6519
0.0224 0.7502
0.0341 0.6470
0.0223 0.7525
0.0336 0.6480
0.0222 0.7537
0.0334 0.6474
0.0221 0.7544
0.0336 0.6471
0.0221 0.7563
0.0339 0.6434
0.0221 0.7549
0.0335 0.6499
0.0220 0.7550
0.0333 0.6499
0.0219 0.7568
0.0348 0.6334
0.0218 0.7571
0.0339 0.6535
0.0218 0.7583
0.0340 0.6450
0.0217 0.7594
0.0336 0.6469
0.0217 0.7588
0.0336 0.6470
0.0215 0.7604
0.0360 0.6269
0.0215 0.7615
0.0352 0.6393
0.0214 0.7615
0.0338 0.6493
0.0214 0.7625
0.0347 0.6427
0.0213 0.7658
0.0340 0.6475
0.0212 0.7640
0.0338 0.6466
0.0212 0.7650
0.0350 0.6332
