0.0717 0.0975
0.0714 0.1082
0.0710 0.1101
0.0705 0.1150
0.0699 0.1205
0.0694 0.1300
0.0690 0.1335
0.0687 0.1409
0.0683 0.1459
0.0681 0.1506
0.0678 0.1633
0.0675 0.1800
0.0672 0.1908
0.0669 0.1975
0.0666 0.2047
0.0662 0.2087
0.0658 0.2217
0.0653 0.2205
0.0648 0.2336
0.0640 0.2376
0.0634 0.2536
0.0627 0.2644
0.0621 0.2777
0.0614 0.2863
0.0608 0.2991
0.0603 0.3016
0.0597 0.3128
0.0592 0.3179
0.0586 0.3266
0.0583 0.3261
0.0577 0.3384
0.0576 0.3395
0.0568 0.3468
0.0568 0.3446
0.0561 0.3541
0.0561 0.3553
0.0554 0.3617
0.0554 0.3581
0.0548 0.3707
0.0549 0.3632
0.0543 0.3779
0.0544 0.3710
0.0538 0.3828
0.0541 0.3806
0.0534 0.3885
0.0536 0.3843
0.0530 0.3923
0.0532 0.3906
0.0527 0.3978
0.0531 0.3891
0.0524 0.4021
0.0526 0.3961
0.0521 0.4049
0.0530 0.3907
0.0518 0.4075
0.0522 0.4020
0.0516 0.4114
0.0522 0.3968
0.0514 0.4151
0.0520 0.4027
0.0512 0.4173
0.0516 0.4084
0.0509 0.4194
0.0515 0.4110
0.0508 0.4221
0.0513 0.4143
0.0506 0.4237
0.0510 0.4184
0.0504 0.4257
0.0509 0.4171
0.0502 0.4277
0.0511 0.4174
0.0500 0.4298
0.0510 0.4131
0.0499 0.4328
0.0504 0.4216
0.0497 0.4324
0.0503 0.4260
0.0496 0.4353
0.0506 0.4220
0.0494 0.4372
0.0500 0.4265
0.0493 0.4387
0.0500 0.4323
0.0492 0.4408
0.0499 0.4308
0.0490 0.4416
0.0503 0.4231
0.0489 0.4432
0.0499 0.4283
0.0488 0.4454
0.0496 0.4379
0.0487 0.4463
0.0497 0.4352
0.0485 0.4474
0.0494 0.4406
0.0484 0.4482
0.0495 0.4329
0.0483 0.4500
0.0491 0.4393
0.0482 0.4506
0.0493 0.4349
0.0480 0.4508
0.0489 0.4424
0.0479 0.4538
0.0492 0.4414
0.0478 0.4549
0.0489 0.4454
0.0476 0.4584
0.0489 0.4417
0.0475 0.4584
0.0482 0.4535
0.0474 0.4602
0.0482 0.4518
0.0472 0.4628
0.0479 0.4531
0.0471 0.4632
0.0481 0.4516
0.0469 0.4647
0.0477 0.4541
0.0467 0.4662
0.0477 0.4504
0.0466 0.4687
0.0481 0.4504
0.0464 0.4706
0.0474 0.4567
0.0463 0.4717
0.0482 0.4532
0.0461 0.4750
0.0470 0.4635
0.0460 0.4765
0.0478 0.4561
0.0459 0.4784
0.0468 0.4645
0.0458 0.4786
0.0468 0.4637
0.0456 0.4809
0.0465 0.4717
0.0455 0.4822
0.0464 0.4703
0.0454 0.4828
0.0464 0.4745
0.0453 0.4853
0.0463 0.4711
0.0452 0.4863
0.0469 0.4626
0.0451 0.4882
0.0463 0.4724
0.0450 0.4895
0.0459 0.4764
0.0449 0.4884
0.0477 0.4615
0.0448 0.4915
0.0459 0.4764
0.0446 0.4929
0.0467 0.4703
0.0445 0.4951
0.0456 0.4821
0.0444 0.4963
0.0463 0.4754
0.0443 0.4969
0.0454 0.4807
0.0443 0.4971
0.0457 0.4792
0.0441 0.5003
0.0451 0.4845
0.0440 0.5000
0.0454 0.4845
0.0439 0.5022
0.0456 0.4746
0.0438 0.5014
0.0460 0.4807
0.0438 0.5029
0.0448 0.4900
0.0437 0.5047
0.0447 0.4907
0.0436 0.5045
0.0447 0.4917
0.0435 0.5075
0.0445 0.4932
0.0434 0.5074
0.0455 0.4808
0.0433 0.5084
0.0457 0.4856
0.0432 0.5109
0.0444 0.4972
0.0431 0.5105
0.0449 0.4912
0.0431 0.5115
0.0452 0.4930
0.0429 0.5147
0.0445 0.4918
0.0429 0.5144
0.0442 0.4988
0.0428 0.5150
0.0452 0.4889
0.0427 0.5156
0.0442 0.4969
0.0426 0.5189
0.0440 0.4996
0.0425 0.5183
0.0439 0.4990
0.0425 0.5202
0.0442 0.4965
0.0424 0.5205
0.0443 0.4980
0.0423 0.5212
0.0439 0.4980
0.0422 0.5222
0.0436 0.5073
0.0421 0.5243
0.0439 0.5017
0.0421 0.5244
0.0439 0.5002
0.0420 0.5243
0.0443 0.5018
0.0419 0.5274
0.0436 0.5043
0.0419 0.5271
0.0437 0.5049
0.0418 0.5292
0.0433 0.5083
0.0417 0.5277
0.0434 0.5072
0.0416 0.5299
0.0434 0.5092
0.0416 0.5311
0.0433 0.5058
0.0415 0.5312
0.0435 0.5054
0.0414 0.5321
0.0437 0.5050
0.0413 0.5334
0.0431 0.5066
0.0413 0.5362
0.0436 0.5090
0.0412 0.5330
0.0432 0.5090
0.0411 0.5359
0.0433 0.5097
0.0411 0.5377
0.0428 0.5111
0.0410 0.5381
0.0429 0.5125
0.0410 0.5388
0.0429 0.5129
0.0409 0.5400
0.0431 0.5122
0.0408 0.5418
0.0427 0.5161
0.0408 0.5422
0.0427 0.5147
0.0407 0.5425
0.0425 0.5168
0.0406 0.5423
0.0426 0.5172
0.0406 0.5421
0.0430 0.5125
0.0405 0.5446
0.0427 0.5183
0.0405 0.5461
0.0425 0.5194
0.0404 0.5461
0.0433 0.5096
0.0403 0.5472
0.0427 0.5164
0.0403 0.5465
0.0427 0.5147
0.0402 0.5471
0.0428 0.5158
0.0402 0.5475
0.0428 0.5151
0.0401 0.5488
0.0422 0.5190
0.0400 0.5493
0.0427 0.5161
0.0400 0.5494
0.0423 0.5201
0.0400 0.5503
0.0423 0.5200
0.0399 0.5519
0.0423 0.5202
0.0398 0.5510
0.0421 0.5281
0.0398 0.5538
0.0419 0.5284
0.0397 0.5530
0.0422 0.5223
0.0397 0.5524
0.0419 0.5282
0.0396 0.5541
0.0420 0.5215
0.0396 0.5555
0.0419 0.5251
0.0395 0.5557
0.0421 0.5239
0.0395 0.5543
0.0428 0.5195
0.0394 0.5568
0.0423 0.5247
0.0394 0.5570
0.0422 0.5261
0.0393 0.5577
0.0438 0.5058
0.0393 0.5582
0.0419 0.5236
0.0392 0.5579
0.0419 0.5234
0.0392 0.5611
0.0428 0.5184
0.0391 0.5595
0.0417 0.5265
0.0391 0.5605
0.0421 0.5247
0.0390 0.5608
0.0417 0.5257
0.0390 0.5628
0.0421 0.5241
0.0390 0.5621
0.0417 0.5270
0.0389 0.5618
0.0416 0.5293
0.0389 0.5633
0.0419 0.5237
0.0388 0.5648
0.0417 0.5293
0.0387 0.5625
0.0428 0.5180
0.0387 0.5628
0.0417 0.5257
0.0387 0.5662
0.0415 0.5324
0.0386 0.5662
0.0419 0.5260
0.0386 0.5669
0.0416 0.5313
0.0385 0.5661
0.0414 0.5331
0.0385 0.5675
0.0414 0.5323
0.0385 0.5666
0.0417 0.5287
0.0384 0.5683
0.0413 0.5313
0.0384 0.5670
0.0415 0.5310
0.0383 0.5689
0.0417 0.5277
0.0383 0.5685
0.0412 0.5325
0.0382 0.5689
0.0419 0.5292
0.0382 0.5710
0.0413 0.5317
0.0382 0.5707
0.0415 0.5338
0.0381 0.5719
0.0429 0.5225
0.0381 0.5705
0.0413 0.5344
0.0380 0.5719
0.0412 0.5331
0.0380 0.5740
0.0419 0.5267
0.0379 0.5734
0.0414 0.5356
0.0379 0.5731
0.0417 0.5296
0.0379 0.5728
0.0411 0.5353
0.0378 0.5750
0.0410 0.5388
0.0378 0.5746
0.0411 0.5380
0.0378 0.5755
0.0411 0.5366
0.0377 0.5763
0.0417 0.5306
0.0377 0.5763
0.0412 0.5346
0.0376 0.5773
0.0412 0.5370
0.0376 0.5771
0.0413 0.5351
0.0375 0.5765
0.0411 0.5378
0.0375 0.5780
0.0412 0.5358
0.0375 0.5780
0.0411 0.5380
0.0374 0.5802
0.0410 0.5361
0.0374 0.5791
0.0410 0.5361
0.0374 0.5790
0.0407 0.5408
0.0373 0.5815
0.0416 0.5326
0.0373 0.5795
0.0411 0.5405
