0.0678 0.2082
0.0635 0.2611
0.0613 0.2900
0.0597 0.3092
0.0581 0.3336
0.0568 0.3482
0.0555 0.3620
0.0545 0.3726
0.0537 0.3810
0.0531 0.3907
0.0525 0.3943
0.0522 0.4021
0.0514 0.4073
0.0510 0.4106
0.0506 0.4169
0.0527 0.3992
0.0499 0.4248
0.0511 0.4136
0.0493 0.4323
0.0493 0.4249
0.0488 0.4376
0.0491 0.4231
0.0483 0.4447
0.0561 0.3837
0.0478 0.4497
0.0478 0.4456
0.0475 0.4563
0.0476 0.4469
0.0471 0.4597
0.0476 0.4475
0.0467 0.4650
0.0475 0.4425
0.0464 0.4695
0.0471 0.4582
0.0461 0.4742
0.0461 0.4599
0.0457 0.4765
0.0458 0.4687
0.0454 0.4786
0.0463 0.4632
0.0452 0.4820
0.0455 0.4730
0.0449 0.4867
0.0460 0.4698
0.0446 0.4898
0.0489 0.4438
0.0444 0.4937
0.0451 0.4764
0.0442 0.4949
0.0454 0.4772
0.0440 0.4991
0.0452 0.4786
0.0437 0.5003
0.0442 0.4833
0.0435 0.5038
0.0440 0.4885
0.0432 0.5063
0.0437 0.4930
0.0430 0.5073
0.0439 0.4897
0.0428 0.5114
0.0449 0.4814
0.0425 0.5143
0.0437 0.4944
0.0424 0.5162
0.0447 0.4825
0.0422 0.5177
0.0429 0.5043
0.0419 0.5226
0.0432 0.5015
0.0417 0.5247
0.0429 0.5069
0.0415 0.5269
0.0423 0.5116
0.0413 0.5310
0.0429 0.5077
0.0410 0.5328
0.0419 0.5130
0.0408 0.5358
0.0443 0.4982
0.0406 0.5382
0.0413 0.5215
0.0404 0.5401
0.0445 0.4972
0.0402 0.5440
0.0413 0.5199
0.0401 0.5431
0.0409 0.5297
0.0399 0.5476
0.0412 0.5246
0.0397 0.5488
0.0406 0.5296
0.0395 0.5522
0.0407 0.5299
0.0394 0.5524
0.0402 0.5392
0.0392 0.5573
0.0414 0.5231
0.0390 0.5585
0.0424 0.5201
0.0389 0.5607
0.0407 0.5354
0.0387 0.5636
0.0410 0.5356
0.0385 0.5631
0.0398 0.5440
0.0384 0.5661
0.0400 0.5421
0.0383 0.5690
0.0403 0.5364
0.0381 0.5718
0.0392 0.5499
0.0379 0.5717
0.0394 0.5514
0.0378 0.5729
0.0397 0.5445
0.0376 0.5748
0.0431 0.5188
0.0375 0.5766
0.0388 0.5529
0.0374 0.5774
0.0391 0.5549
0.0372 0.5814
0.0386 0.5583
0.0371 0.5816
0.0393 0.5480
0.0370 0.5827
0.0392 0.5497
0.0368 0.5861
0.0387 0.5583
0.0367 0.5871
0.0389 0.5590
0.0366 0.5871
0.0384 0.5654
0.0365 0.5893
0.0382 0.5678
0.0363 0.5871
0.0381 0.5697
0.0362 0.5927
0.0384 0.5620
0.0361 0.5931
0.0382 0.5675
0.0360 0.5931
0.0387 0.5592
0.0359 0.5972
0.0388 0.5605
0.0358 0.5967
0.0380 0.5713
0.0357 0.5989
0.0385 0.5624
0.0355 0.6012
0.0380 0.5647
0.0355 0.6010
0.0383 0.5644
0.0354 0.6022
0.0376 0.5741
0.0353 0.6041
0.0384 0.5644
0.0352 0.6037
0.0387 0.5645
0.0351 0.6077
0.0375 0.5744
0.0350 0.6062
0.0385 0.5671
0.0349 0.6068
0.0380 0.5739
0.0348 0.6077
0.0372 0.5779
0.0347 0.6105
0.0373 0.5752
0.0346 0.6112
0.0372 0.5804
0.0345 0.6121
0.0410 0.5434
0.0345 0.6133
0.0376 0.5754
0.0344 0.6155
0.0371 0.5800
0.0343 0.6151
0.0370 0.5853
0.0342 0.6153
0.0375 0.5752
0.0341 0.6177
0.0365 0.5854
0.0340 0.6196
0.0368 0.5849
0.0340 0.6180
0.0369 0.5843
0.0339 0.6195
0.0369 0.5868
0.0338 0.6222
0.0369 0.5826
0.0337 0.6239
0.0365 0.5894
0.0336 0.6254
0.0367 0.5866
0.0336 0.6233
0.0364 0.5916
0.0335 0.6260
0.0368 0.5903
0.0335 0.6254
0.0365 0.5888
0.0334 0.6278
0.0375 0.5832
0.0333 0.6281
0.0367 0.5860
0.0332 0.6282
0.0390 0.5657
0.0331 0.6289
0.0367 0.5884
0.0331 0.6307
0.0368 0.5863
0.0330 0.6312
0.0368 0.5884
0.0330 0.6294
0.0359 0.5966
0.0328 0.6319
0.0361 0.5950
0.0328 0.6337
0.0366 0.5901
0.0327 0.6323
0.0361 0.5913
0.0327 0.6330
0.0359 0.5957
0.0326 0.6356
0.0367 0.5928
0.0325 0.6370
0.0359 0.5977
0.0325 0.6363
0.0362 0.5967
0.0324 0.6375
0.0369 0.5866
0.0323 0.6410
0.0363 0.5933
0.0323 0.6401
0.0362 0.5909
0.0322 0.6401
0.0359 0.5970
0.0321 0.6412
0.0362 0.5923
0.0321 0.6423
0.0360 0.6002
0.0320 0.6445
0.0356 0.6033
0.0320 0.6431
0.0367 0.5950
0.0319 0.6438
0.0363 0.5933
0.0318 0.6451
0.0356 0.6054
0.0318 0.6435
0.0355 0.6031
0.0317 0.6467
0.0365 0.5957
0.0316 0.6465
0.0355 0.6025
0.0316 0.6488
0.0362 0.5962
0.0315 0.6484
0.0356 0.6035
0.0314 0.6501
0.0362 0.6020
0.0314 0.6504
0.0357 0.6023
0.0313 0.6510
0.0373 0.5866
0.0313 0.6508
0.0367 0.5879
0.0312 0.6526
0.0359 0.6001
0.0311 0.6521
0.0360 0.5951
0.0311 0.6517
0.0361 0.5998
0.0310 0.6528
0.0354 0.6098
0.0310 0.6549
0.0356 0.6074
0.0309 0.6562
0.0353 0.6087
0.0309 0.6558
0.0353 0.6066
0.0308 0.6566
0.0355 0.6034
0.0307 0.6562
0.0366 0.5999
0.0307 0.6571
0.0361 0.5976
0.0306 0.6593
0.0356 0.6015
0.0306 0.6595
0.0354 0.6085
0.0305 0.6597
0.0361 0.6022
0.0304 0.6600
0.0351 0.6079
0.0304 0.6603
0.0353 0.6091
0.0303 0.6620
0.0352 0.6115
0.0303 0.6619
0.0351 0.6091
0.0302 0.6620
0.0353 0.6130
0.0302 0.6631
0.0352 0.6079
0.0301 0.6640
0.0354 0.6061
0.0300 0.6653
0.0352 0.6117
0.0300 0.6659
0.0350 0.6128
0.0300 0.6657
0.0359 0.5999
0.0299 0.6663
0.0351 0.6110
0.0298 0.6683
0.0353 0.6107
0.0298 0.6689
0.0349 0.6134
0.0298 0.6689
0.0347 0.6160
0.0297 0.6684
0.0355 0.6102
0.0297 0.6680
0.0352 0.6100
0.0296 0.6710
0.0348 0.6158
0.0295 0.6715
0.0361 0.6035
0.0295 0.6726
0.0350 0.6121
0.0294 0.6711
0.0350 0.6128
0.0294 0.6731
0.0347 0.6137
0.0293 0.6717
0.0357 0.6053
0.0293 0.6729
0.0350 0.6109
0.0292 0.6743
0.0348 0.6154
0.0292 0.6743
0.0350 0.6148
0.0291 0.6748
0.0355 0.6081
0.0291 0.6752
0.0361 0.6058
0.0290 0.6763
0.0351 0.6148
0.0290 0.6768
0.0351 0.6133
0.0289 0.6771
0.0355 0.6122
0.0289 0.6779
0.0345 0.6180
0.0288 0.6782
0.0355 0.6104
0.0288 0.6805
0.0345 0.6211
0.0287 0.6793
0.0349 0.6161
0.0287 0.6795
0.0346 0.6181
0.0286 0.6801
0.0349 0.6149
0.0286 0.6821
0.0349 0.6181
0.0286 0.6815
0.0347 0.6181
0.0285 0.6827
0.0352 0.6152
0.0284 0.6833
0.0344 0.6211
0.0284 0.6821
0.0351 0.6152
0.0284 0.6821
0.0345 0.6191
0.0283 0.6853
0.0346 0.6186
0.0282 0.6862
0.0349 0.6177
0.0282 0.6853
0.0351 0.6168
0.0282 0.6876
0.0346 0.6203
0.0281 0.6887
0.0349 0.6178
0.0281 0.6887
0.0344 0.6183
0.0280 0.6873
0.0345 0.6213
0.0280 0.6891
0.0344 0.6223
0.0279 0.6900
0.0353 0.6114
0.0279 0.6885
0.0349 0.6164
0.0279 0.6895
0.0354 0.6146
